SMILES_ID RA Dec FWHM_F560W FWHM_F1500W FWHM_F2100W F1500W F2100W F1500W-F2100W
0.0 53.11644 -27.87666 3.530091536941688 3.8739431749951727 3.914120903571242 12.7009 12.37584 0.32506000000000057
1.0 53.12533 -27.86135 0.8239762498815864 1.3092622516677226 1.9178488376650185 15.27863 15.51389 -0.23526000000000025
2.0 53.07448 -27.84985 2.3680906949495246 2.763253848036317 3.097857500739747 10.18878 9.62558 0.5632000000000001
3.0 53.16177 -27.83236 1.1186591554628256 1.62903432298637 1.9173121817847443 10.88452 10.64468 0.23984000000000094
4.0 53.13114 -27.8293 2.735089940365365 3.287590792413515 3.5292526487348184 11.31425 10.9123 0.40194999999999936
5.0 53.13613 -27.82911 0.8288084358245202 1.4010786928722225 1.6045505146833992 14.92844 14.58962 0.3388200000000001
7.0 53.12079 -27.81905 1.8840085775612592 4.407751919540609 4.110705045676831 11.77681 11.993 -0.216190000000001
8.0 53.14386 -27.81354 4.009800042247444 6.47625 6.165005721831352 11.48396 11.17137 0.31259000000000015
10.0 53.14898 -27.79976 0.7634874542685451 1.4188444079052758 1.8102591224620597 14.6123 13.36717 1.2451299999999996
11.0 53.15547 -27.79157 0.9184071545336638 1.3781984448105034 1.5732337855872407 14.47151 13.52339 0.9481200000000012
12.0 53.18697 -27.79106 1.9221397048665116 2.6215669018349064 2.738204913790212 10.59884 10.2487 0.3501399999999997
13.0 53.13355 -27.77588 0.5389541758783453 0.9212907876726415 1.1577062049969526 14.297 14.60625 -0.3092499999999987
15.0 53.16995 -27.77113 2.9904564076666436 4.2217564045079925 4.1816304940421345 12.73741 11.62876 1.1086500000000008
16.0 53.15499 -27.76898 0.8777221642918448 1.4667975619256248 1.387547833807344 15.05587 15.65454 -0.5986700000000003
17.0 53.13678 -27.76888 1.8207070126532972 2.70154633313902 2.750993735055611 11.34741 10.7639 0.5835100000000004
18.0 53.2096 -27.76853 1.3663705182743286 1.2605810818982757 1.6286854867303786 14.70831 13.96397 0.7443400000000011
20.0 53.19015 -27.76529 2.7116778269710107 2.8062451349724067 2.7413331277237236 13.59797 13.34089 0.2570800000000002
22.0 53.18005 -27.74925 2.159349286941729 3.06218550894664 3.2220318054183466 13.25302 11.94798 1.30504
23.0 53.12711 -27.88677 1.1332873861979864 1.4946787260155079 1.7497487739397368 13.27333 13.35678 -0.08345000000000091
24.0 53.1256 -27.8865 0.7223960628088956 1.0787690131600833 1.393547182395347 15.94618 13.97663 1.96955
26.0 53.12681 -27.88451 0.8483771696222437 1.250912397368668 1.5219370635673084 12.58429 11.23958 1.3447099999999992
27.0 53.12654 -27.88415 0.826603159937865 1.2460317483169403 1.5174916504873868 19.38262 16.16085 3.2217699999999994
30.0 53.12433 -27.8827 0.6531692356659698 0.9655968686580356 1.3200304814906207 14.7966 12.8901 1.9064999999999994
31.0 53.12752 -27.88172 1.1109416137374357 1.430376379032372 1.6882880723806624 13.08549 13.02696 0.058529999999999305
34.0 53.13091 -27.88112 0.6153262169495294 0.9389979147432553 1.4807357330918982 16.71175 14.20517 2.506579999999998
44.0 53.12639 -27.87718 1.2124820691800204 1.7125855693550798 1.9725038232433771 13.27009 12.14242 1.1276700000000002
46.0 53.11732 -27.87631 0.6295432653282861 1.085447259860227 1.3762785896131489 12.74044 12.80721 -0.06677
47.0 53.11969 -27.87561 1.7236417920329872 2.5235311462488954 2.5843921200583506 14.34146 13.13593 1.2055299999999995
50.0 53.13532 -27.87507 0.6161049856578507 1.0590694700736685 1.3440356459116702 17.57924 16.68013 0.8991100000000003
51.0 53.11709 -27.8749 0.7957839289496741 1.092609264547154 1.3028036535733423 16.61032 15.56227 1.0480500000000017
52.0 53.13521 -27.87477 0.6175567719775347 1.0678884806995466 1.338400112373863 15.4769 13.477 1.9999000000000002
54.0 53.13402 -27.87436 0.637404686482281 1.1037972965052592 1.3648857389443556 14.9857 12.98516 2.000539999999999
58.0 53.12074 -27.87396 0.629524006400647 1.1360710703811654 1.455999390829072 16.43946 13.41545 3.0240100000000005
61.0 53.11972 -27.87381 0.521317779984287 1.0044820430214085 1.1899696667289543 20.99687 18.10732 2.88955
62.0 53.11931 -27.8738 0.529899079437241 0.9714991922420145 1.3223550420220627 16.96572 15.1771 1.7886200000000017
67.0 53.12007 -27.87323 0.5818968120527132 0.3264541984963501 0.52217253165312 19.34041 17.74319 1.59722
69.0 53.12072 -27.87304 0.8793602921913509 1.3726877964707587 1.5506260567182102 17.27534 14.4899 2.7854399999999995
72.0 53.10736 -27.87234 1.2521019236104016 1.6484148995386014 1.7635196894636884 13.0981 13.3821 -0.2839999999999989
73.0 53.12023 -27.8723 0.6329566154893269 1.0025660272394479 1.2877927592151195 16.68247 14.96306 1.719409999999998
78.0 53.14662 -27.87103 0.6304803233761225 0.9892821398641712 1.2802373478857179 15.22761 14.01082 1.2167899999999996
85.0 53.13022 -27.87041 0.7064048291783639 0.8003831845921117 0.3164509462088446 17.53693 16.72611 0.8108200000000032
89.0 53.13784 -27.87012 0.6621066805104654 0.960269298964056 1.3048081253678339 14.88261 13.37477 1.5078399999999998
91.0 53.10152 -27.86996 0.5296029476565878 0.9592724487515613 1.2427308582272707 15.23902 13.62294 1.6160800000000002
92.0 53.11332 -27.86995 0.4917126623523496 1.037036327031275 0.47744652311030245 16.63865 17.27022 -0.63157
95.0 53.10745 -27.86934 1.1449973507619036 0.4987183620641001 0.21612858118272432 18.72752 17.44205 1.2854700000000001
97.0 53.10644 -27.86926 1.2916027321908135 1.465827499927884 1.7544446578757973 14.32538 14.10769 0.21768999999999927
99.0 53.10415 -27.86912 0.6179843370221649 1.153089298765218 1.3536657033595685 14.87601 14.68835 0.18766000000000105
101.0 53.1088 -27.86904 0.8446765972908212 1.0870081996301093 1.0714858835717482 16.62166 15.70774 0.9139199999999992
102.0 53.15312 -27.86863 1.1954560729348387 1.5162525471489805 1.7177294018423146 13.58795 12.96409 0.6238599999999987
105.0 53.14019 -27.86847 0.6776222556054073 1.1582534765670731 1.4155897556605075 16.23158 13.17454 3.0570400000000006
107.0 53.15091 -27.86838 0.8805536788772299 1.6945355168101748 1.9086901487613082 13.01776 12.17807 0.8396900000000009
114.0 53.15138 -27.86777 1.155437330412117 1.2067444655805408 1.4767521144990665 19.37455 17.28684 2.0877099999999977
116.0 53.12792 -27.86757 1.2361929418710256 1.2826089844837585 1.3163088102195484 15.92453 15.28293 0.6416000000000004
117.0 53.10617 -27.86753 0.7589198957389978 1.0335209334563786 1.3081531296049873 17.40504 15.92962 1.4754199999999997
124.0 53.12333 -27.86637 0.6600454519408033 1.0037651349923455 1.267304403486634 15.52802 13.93283 1.5951900000000006
126.0 53.12477 -27.8663 0.44897489023022674 0.7668846465487127 0.32477942009747207 17.68104 17.32511 0.35593000000000075
130.0 53.1168 -27.86561 1.2639335083379377 1.8314993677794247 2.0388477544786068 14.17809 12.44485 1.7332399999999986
132.0 53.1222 -27.86545 1.4079132320739463 1.5290646094356433 1.2986143746733798 16.7923 15.46662 1.3256800000000002
134.0 53.10315 -27.8653 0.9493677934452855 1.415683897236448 1.6763024470134622 16.1985 12.99659 3.20191
135.0 53.09468 -27.86517 0.5773174974938874 1.1031479895646936 1.1892694948701257 17.40977 15.98014 1.4296300000000013
136.0 53.10173 -27.8651 0.9419964153321033 1.4937733709427663 1.8325459091734346 13.67417 12.44645 1.2277199999999997
138.0 53.1216 -27.86484 0.4968924967991694 0.9384602005417427 1.2837541975937472 15.27189 13.92551 1.3463800000000017
141.0 53.08938 -27.86447 0.7577571732291282 1.2585462793759188 1.4440532257611092 13.45761 12.89837 0.5592400000000008
143.0 53.13642 -27.86427 0.6052198160288752 1.0400501430591675 1.4844971135203873 14.79638 13.74741 1.0489699999999988
144.0 53.11911 -27.86406 0.7694264121495187 1.158457828090559 0.18589905870384643 17.95777 17.15009 0.8076800000000013
146.0 53.11337 -27.86405 0.7073095150482552 1.0868655940738035 1.5853426228557355 17.38248 15.79274 1.5897400000000008
152.0 53.08616 -27.8634 0.6026476063329438 0.9703424880214584 1.306753921683778 15.29799 13.22129 2.0767000000000007
153.0 53.10848 -27.86331 1.3606033909244746 1.629882287468332 1.940179112338107 15.02967 14.35495 0.6747199999999989
156.0 53.12397 -27.86314 0.655861876402207 1.005912380651391 1.3524229426285672 16.31437 15.3423 0.9720700000000004
157.0 53.14367 -27.86279 1.0007953147225896 1.3036963519244933 1.7027488215294893 14.92336 14.84728 0.07608000000000104
159.0 53.12389 -27.86275 0.64214610735712 0.9543314580811445 1.2910459065987263 14.81694 13.54756 1.26938
160.0 53.12182 -27.86265 0.8261776448169357 1.107924738721398 1.4111694567855269 13.81087 13.63358 0.17728999999999928
164.0 53.08538 -27.86227 0.8164369232520235 1.2841488532419514 1.7263835759957886 15.15889 13.89498 1.2639099999999992
166.0 53.09748 -27.86181 0.8187484927165208 1.1953521578415398 1.4553923899498091 15.45041 15.01307 0.43733999999999895
167.0 53.08633 -27.86179 1.9280903069440172 2.3041540253411465 2.4711347535966497 12.017 10.79449 1.2225099999999998
168.0 53.14404 -27.86169 0.607112499678033 0.21375991620085663 0.48287075653175704 19.49417 17.2635 2.23067
169.0 53.13457 -27.86144 0.964413703531503 1.4633632222821618 0.47727787325572163 18.08313 16.52336 1.5597700000000003
170.0 53.13546 -27.86141 0.6480158880185103 1.0697848104544208 1.4093569947284503 14.1053 13.76426 0.34103999999999957
172.0 53.12681 -27.86129 0.9461794223589566 1.4088475990133393 1.7252402694770512 13.91564 13.12194 0.7936999999999994
178.0 53.10265 -27.86068 0.6267705546294491 1.032399365570247 1.2711071139312666 15.95495 14.39789 1.5570599999999999
180.0 53.08334 -27.86051 0.7275193387327777 0.6771758851831496 1.2730399645002612 19.53967 15.90367 3.636000000000001
181.0 53.131 -27.86047 0.7748741136490238 1.5135716628426874 1.6821004001763409 14.68449 13.39401 1.2904800000000005
182.0 53.10394 -27.8605 0.6746936401689194 0.3059814809957927 1.395398158563674 18.34669 15.41177 2.934919999999998
183.0 53.12477 -27.86043 0.7153940083197041 1.1112961351573913 0.5231296695555062 17.04323 17.30006 -0.2568299999999972
184.0 53.08391 -27.86044 1.0038727545966009 1.293541898443395 1.6672916778300544 16.16409 13.27055 2.8935400000000016
187.0 53.08213 -27.85987 0.6500413749953066 1.132351290828192 1.380111856609588 17.42775 15.85635 1.5713999999999988
188.0 53.10466 -27.8598 0.5492073047230088 0.9904047828692355 0.23687459524020169 17.89181 17.9891 -0.09729000000000099
189.0 53.12876 -27.85978 0.8729058391520239 1.0390007381137683 1.3596780100729406 17.07575 15.2529 1.822849999999999
191.0 53.10065 -27.85954 1.025557795729562 1.1842552824307973 1.3886355238944545 16.98172 15.7631 1.2186199999999996
192.0 53.12249 -27.85955 0.5933897864699971 0.9042768051425684 1.1989703177990512 17.0081 15.55426 1.4538399999999996
193.0 53.12844 -27.85945 0.8966504731974368 1.0381454735746547 1.3708235189964426 15.23139 13.17794 2.0534499999999998
196.0 53.08979 -27.85932 0.7284803163619163 1.2631351258648753 1.5946017097359486 16.11081 15.56334 0.5474700000000006
203.0 53.13209 -27.85889 0.6757549769396971 1.1022634450423079 1.160160846754331 17.79053 16.38332 1.4072099999999992
204.0 53.12556 -27.85884 1.4984844879548176 1.708822504380415 1.8528488180837281 14.87552 13.52596 1.3495600000000003
205.0 53.11374 -27.85887 1.7105921932238735 1.7778257824585557 1.8907133466443187 16.65835 15.59896 1.0593899999999987
210.0 53.09764 -27.85854 0.4226244153409964 0.8396508977407235 0.258178462784667 17.12665 16.80444 0.3222100000000019
212.0 53.12219 -27.85833 0.6340596542684601 0.9424045234485178 1.138205540527369 17.02743 15.82637 1.2010599999999982
214.0 53.07798 -27.85824 1.0639965291415296 1.56109545067621 1.7146707769138279 13.01518 11.66267 1.3525100000000005
215.0 53.08548 -27.85817 0.8613005572541874 1.2042645726726169 1.3074126996769797 15.89813 15.27756 0.6205700000000007
221.0 53.08923 -27.85735 0.5575259074933941 0.9672401688788277 1.3581217762767261 15.90673 13.13997 2.7667599999999997
222.0 53.076 -27.85724 1.715164344416996 1.9568015604470277 2.3497006093018253 16.24168 13.25596 2.985719999999999
226.0 53.07831 -27.85696 1.6746249974877438 1.9947201622356394 2.1090619049857002 14.26735 12.9564 1.31095
229.0 53.09521 -27.85686 1.5145174863365216 2.1159447320307367 2.2873030428728622 13.17596 12.92151 0.2544500000000003
233.0 53.13786 -27.85669 0.9529405169772044 1.3666070290913628 1.7608116146413502 13.72107 12.69208 1.0289899999999985
236.0 53.08325 -27.85618 1.327692345344993 0.9861222080956362 1.5663916950095838 15.14359 13.39147 1.7521199999999997
238.0 53.11682 -27.85606 0.8213403481710889 1.243563131833419 0.24829816858352008 17.95295 19.10478 -1.1518300000000004
240.0 53.13727 -27.85575 1.0038429402025153 1.292475792446054 1.0227150820726172 17.53848 16.28241 1.2560700000000011
243.0 53.11275 -27.85551 1.024914412904927 1.3989180673228059 1.6390899114054018 16.15386 15.1755 0.9783600000000021
244.0 53.10315 -27.85549 1.2799999847267722 1.7659155664577897 0.5829521593640138 17.45403 16.19702 1.257010000000001
249.0 53.14989 -27.85515 1.9274781215775458 2.314048742767425 2.397584684960105 12.41921 11.91678 0.5024300000000004
250.0 53.0942 -27.85505 0.7228219948720956 0.7873045360814298 0.20106670028234008 19.39753 18.79841 0.5991199999999992
252.0 53.0758 -27.85482 0.6040177566645328 1.0400400899526383 0.20146988383382944 18.37532 16.64268 1.73264
255.0 53.1144 -27.85465 0.618087706961287 1.0474487631661002 1.1129278798854296 18.82661 19.17799 -0.35138000000000247
256.0 53.11759 -27.85459 0.5749830533138078 0.99179326728149 1.333395737307724 15.19487 12.78495 2.4099199999999996
257.0 53.11417 -27.85454 0.6180877084059292 1.0475019353281132 1.1126140292312552 16.41619 16.11021 0.3059800000000017
260.0 53.09863 -27.85406 1.020503812888223 1.3877852437315392 1.702227770503827 16.74014 13.62707 3.1130700000000004
262.0 53.09467 -27.85388 0.903276733536226 1.298223529318807 1.5886398244069566 18.60777 17.51057 1.0971999999999973
263.0 53.07206 -27.8537 1.0620197620715368 1.6151225889966305 1.78458899771175 13.1538 12.70953 0.4442699999999995
265.0 53.09434 -27.85356 0.8976650552540286 1.3151223070108966 1.4254319028640536 15.10165 14.95431 0.1473399999999998
269.0 53.13785 -27.8532 1.6115759318142209 1.4232824832364432 1.7582754091256179 15.91379 15.42521 0.4885800000000007
271.0 53.10919 -27.85298 1.1411042926144568 1.6481572162099585 1.8685173909756367 12.24642 10.96075 1.2856699999999996
275.0 53.12259 -27.85279 0.7624549120695077 1.0853915988617147 1.3972203107637047 13.09337 12.12199 0.9713799999999999
276.0 53.13383 -27.85264 0.6537432402983839 0.9171237521808668 1.248657888755921 16.04063 13.73717 2.3034599999999994
277.0 53.12787 -27.8526 0.4866574824271612 0.8872687659068451 0.5291540461530174 16.71775 16.47562 0.2421299999999995
280.0 53.1065 -27.85233 0.9104611734611294 0.991079193702287 1.4118861365453725 17.70111 16.18065 1.52046
286.0 53.08871 -27.85194 0.725059369249892 1.110307427599247 1.4177704006541025 14.65246 13.92636 0.7260999999999989
288.0 53.09658 -27.8518 0.7510980128707838 1.189599217243264 1.4901317499996183 16.05233 12.92804 3.124290000000002
289.0 53.1244 -27.85169 0.5557689166975405 0.950146311122618 1.2576833266831342 13.86894 12.67252 1.1964199999999998
291.0 53.13392 -27.8516 1.3861467229335518 1.6609571738695426 1.9099670729728118 13.45553 12.2828 1.1727299999999996
292.0 53.14692 -27.8514 0.6119106180053184 0.9410781560925875 1.3278897203265878 14.98341 13.8647 1.11871
294.0 53.09557 -27.85134 1.027476219781272 1.3622248176690035 1.5824464563878786 14.04059 13.85359 0.1869999999999994
301.0 53.08814 -27.85071 1.0986037360061531 1.5791022878824357 2.0042758409918138 13.55362 12.80272 0.7508999999999997
304.0 53.09694 -27.85057 0.6830938016635941 1.0674834624210143 1.4275317885657621 16.40779 15.69688 0.7109099999999984
313.0 53.1254 -27.85014 0.7539557910276748 1.244229618926715 1.5917330754134333 15.83942 15.68885 0.1505700000000001
314.0 53.10503 -27.85011 1.2031928437931998 1.5121524098538304 1.7101364397576904 13.70653 13.15538 0.5511500000000016
315.0 53.11517 -27.84997 0.49125428034575314 0.9733909911543016 1.2269340741060062 16.60195 14.87731 1.724639999999999
316.0 53.11487 -27.84995 0.4912545171085616 0.9742824255515661 1.1949229984281828 19.98264 19.01689 0.9657499999999999
319.0 53.10819 -27.84972 0.7291360570981165 1.025885079981903 1.3154474953079522 15.11029 13.97011 1.1401800000000009
321.0 53.09599 -27.84945 0.8687001932947295 1.2507199668866105 1.6239309173571024 20.18178 18.11659 2.065190000000001
326.0 53.07644 -27.84873 0.724522353131904 0.9750131435177861 1.293307851008218 13.70207 12.34085 1.3612200000000012
328.0 53.0951 -27.84823 0.4287273156253486 0.9607983308654768 0.5443609873536144 17.03852 16.62198 0.4165399999999977
330.0 53.1102 -27.84825 0.9828043017779559 0.27806917848969503 0.5331916908266434 18.74135 17.78625 0.9551000000000016
334.0 53.10358 -27.84801 1.077301332972995 1.3723812686992978 1.5888646312619428 14.61783 13.50752 1.1103100000000001
336.0 53.07509 -27.84806 0.7286750878598095 1.2484623571806142 1.4371795926264872 15.62596 13.53872 2.0872399999999995
337.0 53.08329 -27.84805 1.9207941508043114 2.0007558851172735 2.010615399057652 15.3612 14.45212 0.9090799999999994
338.0 53.0975 -27.84796 1.0716605797941587 1.5016142518770366 1.7135571691011606 14.27188 12.27071 2.00117
339.0 53.09019 -27.84794 1.444278679417345 1.639819391757128 1.9815731233083371 14.69732 14.4582 0.23911999999999978
342.0 53.10354 -27.84735 0.8058211721900445 1.337138920502359 1.6397280663828162 16.14811 13.14102 3.00709
355.0 53.14245 -27.84636 1.236975847441342 0.5295955717513726 0.2725453492428485 19.62159 17.2831 2.33849
357.0 53.10206 -27.84614 0.8826487770295368 1.298416042834303 1.5744156059696126 15.38412 12.38627 2.9978499999999997
361.0 53.09502 -27.84585 0.9725232999351572 1.2722016341041475 1.3966822518289186 16.93839 15.25313 1.6852599999999978
362.0 53.10153 -27.84578 0.770609829019279 0.7223595212630074 1.111275429495527 21.00288 17.63232 3.370560000000001
364.0 53.11036 -27.84566 0.7273566471667325 1.1764166087629249 0.2421002903499591 18.10535 18.15089 -0.045539999999999026
368.0 53.10464 -27.84542 0.5298359500889315 1.0467526673128842 1.3988086891056364 14.54071 14.00613 0.53458
370.0 53.11499 -27.84519 0.930405431932937 0.8936289262970633 0.9360155504496922 18.51791 17.92826 0.5896499999999989
373.0 53.13793 -27.84503 0.6192105313012163 1.5464500710784954 0.21952067006129514 17.43145 15.68682 1.7446300000000008
374.0 53.11552 -27.84473 0.9585705690652643 1.315292155325206 1.3938897706383215 11.69187 10.99773 0.6941399999999991
376.0 53.13893 -27.84471 0.7707617535660454 0.5173409174159675 1.3953950832822144 19.03361 15.91528 3.1183300000000003
377.0 53.13723 -27.84471 0.6338195818759723 1.0249340597995993 1.4033199960951508 16.29168 13.66131 2.630369999999999
378.0 53.08973 -27.84468 1.4802480453615323 1.7613889823549778 2.1883637163565655 16.00044 14.04583 1.9546100000000006
379.0 53.15398 -27.84456 0.7580716910190272 0.9935344537881797 1.4364079085234083 16.91813 14.90633 2.011800000000001
383.0 53.10396 -27.84438 0.6016137540860246 0.20284374960664803 0.813482053323288 18.76786 17.23232 1.5355399999999975
385.0 53.10008 -27.84424 0.7516312294219616 1.0726108975418676 0.9534362984888731 16.27212 15.92315 0.34897000000000133
387.0 53.14827 -27.84415 0.8081958406590944 0.815316451119804 1.2685482432166844 17.34153 15.21329 2.128239999999998
390.0 53.11295 -27.84386 0.6099994669855296 0.8965334485822836 1.4276261314777734 17.61254 14.91518 2.6973599999999998
393.0 53.13474 -27.84377 0.9289449897760531 1.187819540891729 1.4980824943564828 16.71312 14.66867 2.0444499999999994
396.0 53.15068 -27.84369 0.665373220937314 1.1615935362401846 1.5341978035157282 15.05599 13.47359 1.5823999999999998
400.0 53.15668 -27.84333 1.4979341544959122 1.719935639275047 1.977397879394665 14.39753 13.29325 1.1042799999999993
406.0 53.10187 -27.84287 1.045469435301677 1.4919132820175542 1.805925471531794 16.78084 15.24448 1.536360000000002
411.0 53.10022 -27.8427 1.0568786018727119 1.4364736678436183 1.5488698641163987 15.57899 13.54199 2.036999999999999
413.0 53.1191 -27.84262 0.7372050440721638 1.2771708970912 1.5299212219752374 16.02927 13.82488 2.20439
416.0 53.07958 -27.84248 1.103696543833486 1.5371035500310641 1.879238092171736 14.48899 14.6197 -0.13071000000000055
422.0 53.12481 -27.84229 0.5749965450236487 1.029924456824911 1.3449958475400294 15.29941 13.91415 1.3852600000000006
423.0 53.16444 -27.84223 0.6907681297270968 1.0090579699822912 1.4142482344638443 15.88816 14.90465 0.983509999999999
424.0 53.09056 -27.84219 1.0118566149886918 1.3249091323941222 1.5869651341071536 14.8604 13.98447 0.8759300000000003
425.0 53.11282 -27.84215 0.7820248570783018 1.2595311868718788 1.2706556519495906 16.41987 15.68872 0.7311499999999995
428.0 53.09995 -27.84204 0.9310437210960263 1.095666742526325 0.8210505793199598 18.05281 16.2542 1.79861
430.0 53.09905 -27.84197 1.317426159355067 1.2980771743931232 0.6123999482746824 17.89831 16.37819 1.5201199999999986
439.0 53.15985 -27.8414 1.628543577016144 1.8757001100820057 2.1176792330630976 14.29045 13.12112 1.1693300000000004
440.0 53.14183 -27.84141 1.2773788075610717 1.6468535034865215 1.8583888371436608 12.72861 11.48046 1.248149999999999
442.0 53.13145 -27.84138 0.9061763890786821 1.384376803229416 1.6030498891864358 13.2395 11.1585 2.0809999999999995
446.0 53.16534 -27.8412 0.427284732934895 0.9303126969504969 0.9780464337639443 16.17312 15.06106 1.1120600000000014
447.0 53.08732 -27.84109 0.7398847441363036 1.1208210885282681 1.6664667554666646 15.86089 15.6254 0.23548999999999864
452.0 53.16738 -27.84052 1.1949827568643276 1.3974473268904324 1.4492341871415861 15.48268 14.40071 1.08197
457.0 53.15385 -27.84026 0.9155146253264119 0.914023168938021 1.7214761044649596 18.52488 15.29531 3.229569999999999
458.0 53.13266 -27.84029 0.7635279315554396 1.2454175810855546 1.5947752646372138 16.32953 14.38447 1.945059999999998
459.0 53.14429 -27.84021 0.6439540086463392 0.9811026020067449 1.2169155487410768 18.64061 16.42825 2.2123600000000003
466.0 53.08205 -27.83994 1.90994437134997 2.3572814013310044 2.427317210983201 12.93756 11.61553 1.3220299999999998
478.0 53.13297 -27.83932 1.0354862889940866 1.2532166677132324 1.3370841022694335 15.81004 14.58254 1.227500000000001
480.0 53.13199 -27.83927 0.8853917158412968 1.254115737310299 1.4839145131222362 13.82472 11.69608 2.128639999999999
481.0 53.1482 -27.83922 0.6784346283536687 1.128031073176711 1.3757721140972463 13.69422 11.62284 2.0713799999999996
482.0 53.10446 -27.83919 0.4973897094236227 0.9165305631385458 1.1012313645421707 15.90349 14.59204 1.311449999999999
485.0 53.10779 -27.83889 2.0024521936963886 2.597853203030633 2.7613884082151494 12.29781 12.4787 -0.18088999999999977
490.0 53.12737 -27.83862 1.0948795168941385 1.4545294874685475 1.8442333476516812 14.39971 14.2227 0.177010000000001
491.0 53.0932 -27.83847 1.252961299670909 1.3843087235679232 1.8051116544571413 15.14673 14.31093 0.835799999999999
492.0 53.15805 -27.83845 1.0855127226079702 1.5431794222157604 1.873206325731254 15.75814 15.2617 0.49643999999999977
497.0 53.11399 -27.83783 2.041091865162161 2.0384266987939914 2.196479325858313 13.05957 12.27516 0.7844100000000012
499.0 53.09437 -27.83764 1.3390564890305434 1.5185431757561372 1.7347990947213778 14.74394 13.39723 1.3467099999999999
504.0 53.15573 -27.8372 0.760426117099794 1.2197277250968686 1.374686203565928 15.48417 14.16374 1.32043
509.0 53.16481 -27.83697 0.4696615321991096 0.9507201519944032 1.1715827196750557 15.34052 14.53525 0.8052700000000002
511.0 53.14832 -27.83692 1.0293224325942176 1.8774946285298315 1.9175056058223168 17.556 14.75332 2.8026800000000005
517.0 53.10232 -27.83625 0.5118583057986527 0.9741017829864717 1.3095040296335916 15.70964 13.22749 2.4821500000000007
520.0 53.14187 -27.83605 1.389832700728708 1.7191167091774366 2.0215995908623117 15.52967 14.32774 1.201929999999999
525.0 53.15543 -27.83588 0.763532472720006 1.2526737847311562 1.5522902305297221 13.35736 13.50152 -0.1441599999999994
531.0 53.14406 -27.83518 0.7851895334006018 1.0797594025959973 1.5177628540718346 16.99693 16.63127 0.3656599999999983
533.0 53.10938 -27.83495 1.0768999456964072 1.6135119620352025 1.9612281075944094 13.07538 13.65452 -0.5791400000000007
536.0 53.10873 -27.83481 0.8337610801908976 1.4172616026517513 1.7274366560820047 17.72361 17.25991 0.46369999999999933
537.0 53.14364 -27.83478 0.806144976769957 1.0715296860415227 1.4619361079659798 14.72965 11.90379 2.8258599999999987
539.0 53.15165 -27.83475 2.611322577891559 2.1782013975640484 2.1663194659471112 19.96253 16.802 3.1605300000000014
540.0 53.13159 -27.83468 1.1658515823388511 1.6796324201818291 1.8612274378833147 14.85257 13.59148 1.2610899999999994
542.0 53.12716 -27.83463 0.7385345883630392 1.1280958718048608 1.3467411233068662 15.95165 15.02571 0.9259400000000007
544.0 53.15021 -27.83459 0.7229757084215199 1.114428663378566 1.5233208232327418 15.97472 14.58438 1.3903400000000001
546.0 53.1525 -27.83439 1.4442924006176845 1.8877221670504494 2.147941044197875 14.65092 13.95753 0.6933899999999991
547.0 53.10543 -27.83426 0.8950136942227495 0.499696150283661 0.6969309530953276 18.20476 16.63275 1.5720099999999988
553.0 53.1109 -27.83394 1.2926170246634918 1.53040384702084 1.7216837931842939 13.4117 12.44317 0.9685299999999994
558.0 53.12596 -27.83329 0.5559799903335589 1.0613076188735555 1.0082445095338093 16.52198 15.95412 0.5678599999999996
560.0 53.13255 -27.83298 0.9156316838923244 1.2985976330088165 1.5504949049175905 12.08231 11.87704 0.2052700000000005
562.0 53.11323 -27.83283 1.1275764319346666 1.4362454627632029 1.7107938675342258 15.929 15.09229 0.8367100000000001
564.0 53.10149 -27.83275 0.6507594186249325 1.211094732529812 1.4492596645220184 17.25463 15.82173 1.4328999999999983
565.0 53.11729 -27.83257 0.5437975407078088 0.8518540208177935 0.23583772518371857 18.04238 16.47762 1.5647599999999997
567.0 53.15723 -27.83255 0.4941547730604081 0.9140924128340292 1.1961471186451613 21.1706 17.68201 3.488590000000002
568.0 53.11525 -27.83252 1.2290166881604399 1.3338641864754042 1.686480462570369 15.51084 14.38131 1.1295300000000008
570.0 53.13391 -27.83238 0.5694076508798889 1.0002706023983703 1.3375155852913283 14.67997 14.52711 0.15286000000000044
571.0 53.15743 -27.83211 0.5981899382990207 1.050111607729257 1.4125577549194377 14.89873 14.70068 0.19805000000000028
575.0 53.13213 -27.8318 0.6400641255350847 0.9484261740793355 1.2355149737329112 14.95016 13.98186 0.968300000000001
579.0 53.104 -27.83133 1.0049250731498809 1.082767564742674 1.5616922125959896 17.45294 15.42468 2.0282600000000013
580.0 53.10074 -27.83125 1.9351625212526151 1.6942830895408643 2.218454032371237 17.24478 13.90154 3.343239999999998
586.0 53.10547 -27.83068 0.5117514145496734 0.9854249955538134 0.15911677038218888 17.31434 16.0996 1.2147400000000026
587.0 53.13278 -27.83067 0.6561970379454537 1.0325508426706733 1.2141992588853006 16.7237 15.3802 1.3435000000000006
590.0 53.11781 -27.83054 0.7940819572259415 1.0007614416319341 1.2759732011377332 15.39023 14.09646 1.2937700000000003
595.0 53.16764 -27.83041 1.4206267196244688 1.8201654819751951 2.0906887634804656 14.83787 11.62281 3.215060000000001
602.0 53.13949 -27.82999 0.680031311158128 1.230782213419662 1.0989356342128265 16.82652 15.93891 0.8876099999999987
607.0 53.10903 -27.82965 0.5756958509494797 0.9374457479254095 1.257411296956776 15.73632 14.58837 1.1479499999999998
610.0 53.12355 -27.82936 0.8680975181074033 1.2679697158563694 1.7597448689239363 15.69682 14.84442 0.8524000000000012
612.0 53.14839 -27.82891 1.241884299513126 1.6863153444426273 1.849947362281181 13.68515 12.29002 1.39513
613.0 53.14889 -27.8289 0.880144478267775 1.3139682703549618 1.6767147643671558 19.0391 18.23319 0.8059100000000008
616.0 53.15712 -27.82838 0.5133261615355383 1.004929300929223 1.3174613191183873 16.21402 14.41949 1.7945300000000017
619.0 53.11498 -27.82818 0.9914583936813267 1.5875546513821648 0.5094306888518627 16.05255 15.90655 0.1460000000000008
620.0 53.14417 -27.82815 0.6717864769785933 0.992305890376755 1.3596733561791865 16.72004 15.04026 1.679780000000001
622.0 53.15462 -27.82811 1.0204605902721593 1.5205015776606439 1.6719061775914812 15.13051 13.18278 1.94773
624.0 53.14281 -27.82789 0.6671069003236071 0.9778208650574348 1.2861002112467768 13.99142 12.72708 1.264339999999999
625.0 53.14715 -27.82786 1.3228874787992335 1.1438263357999632 1.6737206422327628 17.5781 15.24697 2.33113
628.0 53.14237 -27.82771 0.7020465394872204 0.9914874256514857 1.284759479972129 19.13876 18.35494 0.7838200000000022
630.0 53.10507 -27.82743 0.6680559994607193 0.9417380074728862 1.1901815350684424 16.77279 15.37698 1.3958100000000009
631.0 53.10837 -27.82741 0.6445601374055003 1.0102525609554491 1.342670407321837 17.13646 14.69051 2.44595
632.0 53.14472 -27.8274 0.8714055465964854 1.3893980163997284 1.8087313439259658 15.67439 15.0889 0.5854900000000001
633.0 53.0986 -27.82726 1.286979702710317 1.775582726070794 1.9862236137871212 12.48136 10.95198 1.5293799999999997
636.0 53.14059 -27.82695 0.8556422029479881 0.49796508080898905 0.3734040685197263 18.61239 18.65219 -0.03979999999999961
637.0 53.09236 -27.82685 0.7460885337675007 1.0702001166091342 1.3784273195864207 15.46647 13.35567 2.1107999999999993
638.0 53.15624 -27.82683 0.5778335650128571 0.2508296616122202 0.45857981564843914 18.24512 16.67918 1.5659400000000012
639.0 53.12509 -27.82674 0.537919248216872 0.959692944899137 1.1388506320220118 17.46847 14.95856 2.5099099999999996
643.0 53.14259 -27.8266 0.4542622814958411 0.9796325634583762 0.862600673159001 16.93706 16.07484 0.8622200000000007
646.0 53.15513 -27.82654 1.0669738593580207 1.91743052736827 1.8211913612612098 17.5677 15.2646 2.303099999999999
647.0 53.0937 -27.82645 1.2894117564165655 1.7693953015545503 2.134738736343294 11.57109 10.70691 0.8641799999999993
648.0 53.1561 -27.82637 0.4964430032090533 0.3878670027689057 0.19453646307969574 19.06794 17.99317 1.074770000000001
649.0 53.09512 -27.82626 1.337557452363629 1.5899255960481051 1.8288843827868426 16.00072 15.15154 0.8491800000000005
656.0 53.1414 -27.82577 1.4323720968466898 2.221729794751683 2.0631116257622955 16.78347 13.99779 2.785680000000001
658.0 53.16029 -27.8256 1.1549580725454756 1.5005419099889212 1.7884655451117741 14.91002 13.69657 1.21345
659.0 53.10309 -27.8256 0.887206482597823 1.3029794383931232 1.6794670145331416 14.16328 13.82691 0.3363700000000005
660.0 53.15077 -27.82557 0.9945034761044641 1.3429506634944108 1.527840226558769 11.8208 10.10018 1.7206200000000003
662.0 53.09657 -27.82546 0.571889367909245 0.6300029395710692 1.3911136257268428 18.4252 15.90429 2.5209100000000007
663.0 53.13647 -27.82529 0.6086588490428783 0.8677712216414921 1.02767309603172 17.93274 15.63418 2.2985599999999984
670.0 53.12795 -27.8247 0.85266811683686 1.38180801358458 1.7255392417417346 16.649 15.74118 0.907820000000001
672.0 53.16477 -27.82462 0.754784992148225 0.9750956871232159 1.562965104028823 16.55865 16.17122 0.3874299999999984
673.0 53.1672 -27.82459 0.7036080333811675 1.2452638945596064 1.4558869872883513 17.0034 14.3124 2.690999999999999
676.0 53.1698 -27.82401 1.5078649541130775 1.7424842049893303 1.9932482530338815 15.10054 12.16907 2.931470000000001
677.0 53.09707 -27.82398 0.6454130838598757 1.0216046959897158 1.113916337968921 16.91653 16.18399 0.7325400000000002
680.0 53.09309 -27.82386 0.4229915130798914 0.9589932406892151 0.129525 15.26163 16.28514 -1.0235099999999981
683.0 53.11062 -27.8237 0.6055806317086444 1.0917473902528199 1.24106225116714 16.45028 14.81413 1.6361499999999989
685.0 53.13105 -27.82364 1.4923095143261578 2.110084796312024 2.294045693072473 14.97221 11.91473 3.05748
687.0 53.15105 -27.82338 0.7137862725660787 1.2198079768660144 1.4998347873802609 14.78762 12.68447 2.103150000000001
691.0 53.09385 -27.82325 0.7040746792935929 1.2197136215038868 0.24037673072905585 16.86459 15.69875 1.1658399999999993
693.0 53.15678 -27.82314 0.7323909614808904 1.264805779860648 1.5375319447845848 15.82261 12.76127 3.0613399999999995
694.0 53.12087 -27.82313 0.6361346074821382 1.0093979328519909 1.2384036436444625 15.42929 14.43286 0.9964300000000001
696.0 53.1507 -27.82289 0.5169546592309185 0.6648954965519551 0.9567829533849368 18.61948 18.0419 0.5775800000000011
699.0 53.10929 -27.82266 0.8848520257104467 1.3577010445016413 1.3855216176088196 16.14801 15.29302 0.854989999999999
700.0 53.09662 -27.82267 0.8392605642886463 1.4491522247766038 1.6328615283332852 14.98243 15.10317 -0.12073999999999963
702.0 53.1867 -27.82249 1.007555586004353 1.3944970391794844 1.6142967719883552 14.28251 13.23523 1.0472800000000007
703.0 53.14735 -27.82249 1.0148199930686206 1.5105382220570354 1.8016383013390103 17.06186 14.83181 2.2300499999999985
705.0 53.14272 -27.82209 0.5903919038368265 1.023398907924154 0.23303641958140026 17.55428 16.21653 1.3377499999999998
707.0 53.12418 -27.82208 0.5257930696402531 0.7601134752455969 0.5044243205505795 18.22589 16.49093 1.734960000000001
708.0 53.1136 -27.82209 0.9471040273939207 1.0425111966881682 1.4080282828050572 17.86465 15.46992 2.394730000000001
717.0 53.17264 -27.82149 0.8174999725520041 1.3433816155293672 1.739475862944737 16.11017 15.33717 0.7729999999999997
719.0 53.12162 -27.82146 0.9825719677127277 1.2966144858660278 1.641314325871922 15.63173 12.38261 3.2491199999999996
721.0 53.14886 -27.82118 0.7489777959165084 0.955109944402706 1.2937486442938395 12.47517 10.81444 1.660730000000001
722.0 53.13853 -27.8212 0.7019721760929659 1.2110582371715026 1.2180170469699256 16.82497 16.08203 0.7429400000000008
725.0 53.1096 -27.8209 1.1957520299153432 1.8212336321204698 2.112517394143449 14.54259 14.11216 0.4304300000000012
727.0 53.18446 -27.82048 0.8807326529807376 1.2790239873076346 1.5655239502012506 15.66304 12.43796 3.22508
735.0 53.10027 -27.81991 0.6136282877330608 1.14423369451696 1.2054790043923251 16.69294 15.91188 0.7810600000000001
737.0 53.18488 -27.81981 0.697390944023581 1.1342849630851786 1.430420557031227 15.28447 12.15697 3.1275000000000013
740.0 53.16503 -27.8194 0.7437427025568901 1.2891274577673193 1.6687109169068386 15.21712 14.63612 0.5809999999999995
741.0 53.14897 -27.81934 1.0625217859712415 1.505871291018735 1.8086997986955957 16.10903 13.62089 2.4881400000000014
742.0 53.16176 -27.81933 1.027999349365777 1.501295187177364 1.8224713714662208 14.58806 13.3532 1.2348600000000012
744.0 53.1148 -27.8193 1.0305139637914724 1.3450659278906627 1.6673467600644774 14.85983 14.66245 0.19738000000000078
747.0 53.1022 -27.81898 0.5498865859247147 1.0883249642386454 1.258748588296183 17.78412 15.97982 1.8043000000000013
748.0 53.18938 -27.81893 0.8051962877944572 0.8852813244069027 1.2037495481160791 17.38924 15.94563 1.4436100000000014
752.0 53.10119 -27.8185 0.5719546586001032 0.998478291790064 1.3589553485115455 16.89271 14.93859 1.9541200000000014
762.0 53.10747 -27.81718 1.1838004531567017 1.45506633988964 1.7462362993279603 14.25576 13.37255 0.88321
765.0 53.19096 -27.81685 0.7604988198273132 1.1149573045145866 1.3479329478046178 14.89586 13.46676 1.4291
767.0 53.13638 -27.81661 1.1321690079359021 1.4005693986339616 1.6218953749699585 13.68239 12.41758 1.2648100000000007
769.0 53.14168 -27.81663 0.9869468873277863 1.344192611360987 1.696061772103911 15.72694 13.46933 2.2576100000000014
771.0 53.13842 -27.8164 0.8548165096124642 1.1044834656195945 1.630530204118525 16.92771 14.55702 2.3706900000000015
772.0 53.14211 -27.81624 0.971117523218176 1.3959460883600645 1.7087974671754458 19.45343 18.51162 0.9418100000000003
773.0 53.18841 -27.81618 0.556973622470559 1.0206888314574492 1.3079879351913817 15.57497 13.74877 1.8262
780.0 53.17346 -27.8158 0.6873584440491294 0.4708259688248121 0.32152371676048014 18.7604 17.85362 0.9067800000000013
782.0 53.13721 -27.81573 1.1858873784256245 1.7736460214272862 2.0530190025523716 12.99639 12.60644 0.3899500000000007
785.0 53.19122 -27.81549 0.5895528562325202 0.9516871914359509 1.21247896839251 14.30225 12.88019 1.42206
786.0 53.16448 -27.8154 0.6662963342410694 1.2590941186301148 1.4221837870263476 14.86367 14.95808 -0.09440999999999988
792.0 53.17453 -27.81506 1.032321054708379 1.7724002640297625 2.158020308870051 15.35032 14.15563 1.1946899999999996
793.0 53.13141 -27.815 0.9637336555200772 1.4418354043562651 1.8056579344354065 14.89345 11.72816 3.165289999999999
795.0 53.15789 -27.81481 1.0794700769173116 2.4866119509065894 1.2225212430516301 17.63025 15.91564 1.7146100000000004
797.0 53.1712 -27.81478 1.697618813773586 2.2956769484925457 2.5568745571630496 12.58952 12.27096 0.31855999999999973
800.0 53.13533 -27.81457 0.8977832980960067 0.8335642624545 0.556883131274223 17.9815 16.7804 1.2011000000000003
803.0 53.16484 -27.81444 0.5059941411126283 0.8715119788833396 1.200043928359264 18.61317 18.2202 0.3929700000000018
806.0 53.16532 -27.81414 0.5689040324937759 0.9486105879359276 1.260192712752657 13.24807 12.04289 1.2051800000000004
807.0 53.11177 -27.81411 1.1486804856960322 1.4259087928449878 1.7420766115250967 16.44899 14.09673 2.3522599999999976
810.0 53.1869 -27.81402 0.6624701563991797 0.902170451779033 1.113028628628001 16.47691 14.96518 1.51173
811.0 53.15918 -27.81383 0.986849044499198 1.3851994799034621 1.6023459938029951 16.75663 14.04983 2.706800000000001
815.0 53.13605 -27.81359 0.9250210089745157 1.8078549319957395 1.6906147238331772 16.07268 14.96675 1.105929999999999
818.0 53.11483 -27.81323 0.5208654024581321 0.6372748458748065 0.2414129087715441 18.67155 16.24812 2.4234299999999998
819.0 53.16819 -27.813 0.820396683442074 1.2346675955324353 1.555982807947316 14.6366 14.39757 0.23902999999999963
820.0 53.10414 -27.81282 0.8038680625737723 1.1908406036669932 0.450677177175664 16.99339 16.58357 0.40981999999999985
823.0 53.13431 -27.8127 1.8199167257600533 2.0588177676257104 2.1274216393860828 13.90854 12.56491 1.343630000000001
825.0 53.17934 -27.8126 0.5706392199104813 0.9463073694024197 1.2730794315660297 15.26469 13.86942 1.39527
830.0 53.10916 -27.81189 1.8348016200439066 2.4816348707823725 0.31142712490237345 18.61811 18.2541 0.3640100000000004
836.0 53.16143 -27.81115 0.641861831097416 1.0201670158126037 1.405514400201908 15.69022 14.22678 1.4634400000000003
838.0 53.13232 -27.81098 0.9925747989469993 1.3890728215265338 1.6907009419928738 14.24124 14.18789 0.05335000000000001
839.0 53.15168 -27.81095 0.6450219754034279 0.9956857644819885 1.5083463712356515 18.26842 16.01287 2.2555499999999995
842.0 53.16433 -27.81089 0.7478181792346508 1.1097452332797937 1.4262952619428972 14.16392 13.26418 0.8997399999999995
849.0 53.12734 -27.81019 0.5780143818903749 0.9744995644221531 1.2891551551381732 16.41313 14.78371 1.6294199999999996
852.0 53.14512 -27.80991 0.7377633219420311 1.1021131346435158 1.3995271732398926 13.71216 13.11599 0.5961700000000008
856.0 53.11373 -27.80964 0.5821745352654559 1.0132505600295691 0.5215374869079227 17.05979 16.37197 0.6878199999999985
858.0 53.15063 -27.80958 0.735697117149685 1.1345665831368135 1.5246826605956427 19.48721 18.37776 1.1094500000000025
860.0 53.15105 -27.80952 0.9071468974134343 1.2169400842803226 1.5285090709122688 14.7523 14.96901 -0.21671000000000085
862.0 53.15489 -27.80949 0.8918555440799699 1.3512486778619044 1.5901285428924232 15.10517 11.93511 3.1700599999999994
864.0 53.12155 -27.80929 1.660514149808363 2.049560200018901 2.2610370797156376 14.97299 14.45164 0.52135
867.0 53.16324 -27.80906 0.5206445145706062 0.9200983070350326 0.965186094852552 16.81956 16.19271 0.6268499999999975
871.0 53.15716 -27.80888 0.6704385620043884 0.6047918514091202 0.7787416304985012 18.54143 16.79245 1.7489799999999995
878.0 53.13107 -27.8085 0.7185527738908281 0.9753558470633259 0.5479766587416557 17.249 16.51982 0.7291799999999995
879.0 53.12011 -27.80833 1.1862839860182217 1.6508364804385949 1.8915901483977193 14.16853 10.98048 3.1880500000000005
880.0 53.17369 -27.80831 0.6907621055470976 1.0254449999935857 1.4311764300891723 17.98399 15.0386 2.945389999999998
889.0 53.16155 -27.80758 0.6823058065755001 0.9897519611797082 1.1970575601322648 17.37308 15.9455 1.4275800000000025
890.0 53.19745 -27.80755 0.5857760857696782 0.9410690680069784 0.8032970675363409 17.92768 15.29186 2.635819999999999
891.0 53.11869 -27.80745 0.7885547634868295 1.09399300863382 1.393853716877237 12.91124 11.53876 1.3724799999999995
893.0 53.19574 -27.80724 1.2336338401053937 0.2629622407623916 0.29155088980822 18.41654 17.1121 1.3044399999999996
902.0 53.17053 -27.80669 0.795747048348321 1.0876344761854722 0.9324817468189672 17.85715 17.07735 0.7798000000000016
903.0 53.14611 -27.80652 0.952841317501183 1.4467913008178064 1.773977065070535 16.79114 15.5428 1.248339999999999
907.0 53.1722 -27.80593 1.5979607815192767 1.8569466024653623 0.44072860124825464 17.08176 15.80303 1.2787299999999995
910.0 53.13035 -27.80569 1.0507336225188868 1.5068293994421502 1.664461456185271 14.29683 14.07388 0.2229499999999991
913.0 53.18517 -27.80535 1.0457177304406637 1.3164920479390172 1.465005588204692 12.49393 11.92501 0.5689200000000003
915.0 53.11184 -27.80532 0.6540525181539846 1.1739410719987906 1.4995643899938258 13.83628 13.80389 0.032389999999999475
920.0 53.14969 -27.80487 1.1209588428453405 1.2584805174668423 1.847220288670226 17.36031 14.83159 2.528719999999998
921.0 53.17077 -27.80475 0.9813841261847738 1.3962790378632106 1.5258432262557053 17.50763 14.87198 2.6356499999999983
926.0 53.14165 -27.80415 0.6268303506907775 1.0368964854614924 1.3731026375187285 16.02515 14.72144 1.3037100000000006
933.0 53.19077 -27.80365 0.7086420704717481 1.1385476650272193 1.3258836408102597 14.82756 13.7358 1.0917600000000007
935.0 53.12313 -27.80346 0.5501403250566861 0.9954523131640858 1.3312009760366144 16.55853 15.43153 1.1270000000000007
938.0 53.14987 -27.80337 0.7036297024103083 1.3414867730000022 1.5374479527061293 15.86802 14.89904 0.9689800000000002
940.0 53.17869 -27.8027 0.5916996506856804 1.0700018690053639 1.4505694299806007 15.5901 13.94207 1.6480300000000003
947.0 53.18828 -27.80193 0.5920533046392181 1.0383199573701718 1.3750435116930841 17.27675 15.04694 2.2298100000000005
948.0 53.18165 -27.80138 0.8334025836795931 1.248561320645656 1.6179211525681023 14.41543 13.45956 0.9558700000000009
949.0 53.14976 -27.80126 0.595307882778586 1.0049609136905344 1.2800384255622286 16.09229 13.83145 2.260839999999998
956.0 53.17418 -27.80036 0.44616865523379384 1.0578910731754765 1.0103388839619882 17.20188 15.05361 2.1482699999999983
958.0 53.12253 -27.80022 0.6168252020931869 1.0366159146799747 1.318333103272015 16.09385 13.74201 2.3518399999999993
966.0 53.11115 -27.7997 1.2420146631705342 1.6929288543502115 1.8851318903482648 13.99853 12.89774 1.10079
968.0 53.12954 -27.79965 0.8156397705348146 1.0156062679789362 1.3901484169270206 15.4246 13.58986 1.83474
971.0 53.1262 -27.79962 0.537799658160593 0.9755086838250435 1.3589188403294128 16.02228 12.90181 3.120469999999999
978.0 53.12478 -27.79929 0.9831739022165383 1.4115973041457552 1.6755870614489514 13.35126 12.08678 1.2644800000000007
980.0 53.1298 -27.79921 0.6648788414843659 0.8332738700164546 1.1863677963087822 18.98222 17.14644 1.8357800000000033
981.0 53.1405 -27.79913 0.7074415158401552 1.0501364725675957 1.2571563160536294 17.61999 16.13862 1.4813700000000019
984.0 53.15636 -27.79904 0.5777344628597219 0.882551750719552 1.36506977504654 17.17325 15.53238 1.6408699999999996
985.0 53.1456 -27.79897 0.5470680684863334 1.0532442489586298 1.3180107737791487 16.786 14.85663 1.9293700000000022
986.0 53.12025 -27.79893 0.9027726274641764 1.3729624017557096 2.705505444886539 15.37261 13.15617 2.2164400000000004
987.0 53.16696 -27.79882 1.0123316973522167 1.7200996132689002 1.9975161893176991 13.78932 11.18718 2.6021400000000003
988.0 53.11989 -27.79881 0.9113328174012884 1.36444414494684 1.8624464236540539 13.75424 12.35519 1.399049999999999
989.0 53.15123 -27.79878 0.8986627703858939 0.921692531420529 0.23478982499169512 18.46354 16.47827 1.9852699999999999
995.0 53.18775 -27.79812 0.8172480405861163 1.0366780265734221 1.33311520643228 16.42422 15.11292 1.3112999999999975
997.0 53.13867 -27.79795 0.5574177703685632 0.9044187382897617 1.3731630803808799 16.7722 13.8119 2.960300000000002
1008.0 53.15785 -27.79758 1.2230961112458874 1.8171506778922264 2.4446335868188203 16.36458 15.83804 0.5265400000000007
1012.0 53.15883 -27.79722 0.5049148196101176 1.1173223349805752 1.1120762111676996 16.69279 15.59638 1.0964099999999988
1013.0 53.16971 -27.79709 0.6408425827036288 1.028595917757637 1.3193677543861104 16.25421 13.54043 2.71378
1015.0 53.1193 -27.79705 0.9618167207100802 1.38593624772431 0.21585575359088488 16.64451 16.41025 0.23425999999999902
1016.0 53.19803 -27.7968 1.0436137317993963 2.4689613070917593 0.38708355695177143 17.8923 17.36033 0.5319699999999976
1018.0 53.14099 -27.79672 1.3943452667178469 1.7149012165370319 1.8762513929413536 14.72655 14.50974 0.21680999999999884
1020.0 53.15167 -27.7965 1.412420588680835 1.7380965091121618 2.258339094909307 16.89931 14.07791 2.8214000000000006
1022.0 53.17253 -27.79642 1.500637046745039 1.8011453646383162 0.15418434942649462 15.70373 15.54572 0.15801000000000087
1024.0 53.17622 -27.7962 1.8531339384708112 2.3256678288041273 2.4411521614622904 11.91337 11.83117 0.08220000000000027
1026.0 53.16135 -27.79587 0.6947952511933605 1.1036785604839312 1.5070791277500928 17.30213 15.52592 1.776209999999999
1030.0 53.14062 -27.79569 0.6349952196180716 1.0741914574089817 1.4201254102494822 16.37753 13.21306 3.1644699999999997
1031.0 53.15671 -27.7956 1.622834116046981 1.913363828620927 1.8614912866100155 13.38674 12.28096 1.1057799999999993
1034.0 53.18074 -27.79548 1.3599502444224223 1.5859035762586777 0.6821476043942859 17.34823 16.00187 1.3463600000000007
1035.0 53.14225 -27.79548 1.003777159635747 0.964362130979645 1.4946749462390103 16.26853 14.0748 2.1937299999999986
1037.0 53.12427 -27.79544 0.49956432678047297 0.7471802554986943 0.3063703315796272 18.2126 17.70653 0.5060699999999976
1040.0 53.15842 -27.79499 0.4293551532241472 0.9922380663465634 0.22206546181924477 16.67773 17.0156 -0.3378699999999988
1041.0 53.15588 -27.79497 1.052921201277951 1.5528365123296268 1.2830731719309743 15.58094 15.6929 -0.11195999999999984
1052.0 53.17415 -27.79406 0.9724684903398386 1.0627939190507674 1.5293423511102584 16.87822 14.65903 2.2191899999999993
1062.0 53.19388 -27.79336 0.8142134457314462 1.1684445854085268 1.3786021378660733 15.10359 14.02557 1.0780200000000004
1064.0 53.14916 -27.79306 0.6053412369906598 0.9988977744590376 1.3063957588747175 15.74286 14.7212 1.0216600000000007
1066.0 53.17134 -27.79302 0.8384444947508494 1.1586530869656408 0.18905335624348765 17.30844 17.02402 0.2844200000000008
1070.0 53.17812 -27.79281 0.6517985495445929 1.1128410909329878 1.349404529998376 13.78869 12.2744 1.5142900000000008
1072.0 53.18419 -27.79272 0.667819600669174 1.0572640114780951 1.3625029424762536 12.8589 11.70487 1.1540300000000006
1073.0 53.16759 -27.79258 1.0846710580918988 1.5110635621946205 1.871558247989384 15.41976 15.40556 0.014200000000000657
1074.0 53.15229 -27.79257 0.6657211339602618 1.0745859583651374 1.332838324788474 17.16244 15.28264 1.8797999999999995
1076.0 53.15128 -27.79247 0.5040126006496232 0.7485518910493028 1.2116411547358261 18.03353 15.68713 2.346399999999999
1083.0 53.18626 -27.79171 1.9467786901322555 1.691364039956341 1.6526598616196035 18.94006 17.78163 1.1584299999999992
1084.0 53.1842 -27.79163 1.229938090641616 1.416774185126986 1.4881002437302002 14.22303 12.32669 1.8963400000000004
1089.0 53.1445 -27.79119 0.9699178444710879 1.2897719556862113 2.012036461983421 17.64793 16.07799 1.569939999999999
1094.0 53.12511 -27.79085 0.7286955808598496 1.4236013900739661 1.8095649296972394 15.06877 13.4066 1.6621700000000015
1096.0 53.15085 -27.79067 0.6257761549239823 1.3288206786839576 1.1981930924019406 16.70417 15.58906 1.1151100000000014
1099.0 53.14996 -27.79055 0.837505821254223 1.1534311977845215 1.424530608381995 16.8595 14.85116 2.0083400000000005
1102.0 53.18661 -27.79028 1.524020498590785 1.1951347044528067 1.1545070216159161 17.06825 15.44583 1.6224199999999982
1104.0 53.18797 -27.79007 0.7390688410365103 1.1282454215126525 1.3389437193776055 11.96422 10.89617 1.0680499999999995
1105.0 53.145 -27.79011 0.7125630433906867 0.4214597500701729 0.20257763145627375 18.80487 16.93988 1.8649900000000024
1109.0 53.16804 -27.78974 0.9446455442378668 1.2872651830442896 1.4894407527404163 15.89636 14.82194 1.07442
1110.0 53.14508 -27.78947 1.0707788707616057 1.649193920275603 0.3323946310807332 15.42207 14.69126 0.73081
1113.0 53.14435 -27.78921 0.705765106506928 1.1500931224030024 1.480846906132947 14.70731 13.87038 0.8369299999999988
1116.0 53.1493 -27.78859 0.891454999586777 1.353444590701681 1.5662736676515632 16.31495 13.3768 2.9381500000000003
1118.0 53.1472 -27.78855 0.815531008188109 1.1161936946464461 1.3570867722830122 15.92264 14.52764 1.3949999999999996
1119.0 53.16108 -27.78841 0.5964444771329576 1.0811919639192669 0.25182879640819883 16.88105 16.50945 0.37159999999999727
1121.0 53.17255 -27.78818 0.752649959717621 1.2193916425653588 1.809536570482884 16.01101 15.64151 0.3694999999999986
1125.0 53.19572 -27.7878 0.5217077209159805 1.0012115555931238 1.3384666180718883 16.12327 14.26571 1.8575600000000012
1127.0 53.16619 -27.78757 1.603940630721833 2.0937462526502126 2.262492244618387 12.28661 12.44266 -0.15605000000000047
1128.0 53.16169 -27.78748 1.0435721790237926 1.4418189147657652 1.7696174348827152 15.68526 12.3368 3.3484599999999993
1133.0 53.19206 -27.78725 1.6322352612837456 1.9049474659733403 1.8741684752229208 14.26912 14.47867 -0.20955000000000013
1136.0 53.19497 -27.78712 1.6325601788398512 0.856441450192896 0.4121207897708031 17.75821 16.489 1.2692099999999975
1141.0 53.13943 -27.78685 0.5980925887102311 1.0980234735692163 1.36829683981909 14.57273 13.77194 0.8007899999999992
1142.0 53.14214 -27.78677 1.4875660418854504 1.817192348649651 1.9783269341911573 13.16514 12.73839 0.4267499999999984
1145.0 53.1976 -27.78647 0.7639802787642325 1.2250621273477196 1.5608104108829421 12.58854 13.27777 -0.6892300000000002
1148.0 53.12369 -27.78627 0.9154177404567473 1.1484816649990153 1.5165032715844053 15.66263 14.58046 1.0821699999999996
1151.0 53.16518 -27.78594 0.7290500836083504 1.1635434160253804 1.5415706486887264 15.76551 14.85194 0.91357
1152.0 53.13174 -27.78563 0.5785951959859083 1.0459882214239427 1.2450585055632166 17.40045 15.06628 2.3341699999999985
1153.0 53.20233 -27.7855 0.5734831819603763 1.1254301452823214 0.1953854940010391 17.09451 17.04669 0.047819999999997975
1155.0 53.17659 -27.78552 0.750888773878264 1.1202869483330469 1.4190712948705428 13.86022 12.84231 1.0179100000000005
1156.0 53.14475 -27.7855 0.8334061944493323 1.263445073156196 1.5089395902069782 14.90615 13.25343 1.6527200000000004
1157.0 53.15726 -27.78533 1.034959323438218 1.4123692736453402 1.725680765095745 13.86355 12.57257 1.2909799999999994
1166.0 53.16237 -27.78451 0.5108992597674185 0.9316143376968948 1.2490379517608639 16.13936 14.63219 1.5071700000000003
1168.0 53.13904 -27.78444 0.43339676051419423 0.9628318429660528 0.2018497867338933 18.55736 16.93092 1.6264399999999988
1172.0 53.16039 -27.78408 0.8318379747682003 1.3481975879144426 1.6974241689209504 13.3781 12.96791 0.41019000000000005
1178.0 53.1435 -27.78327 1.047564400495291 1.504532289122357 1.7157842008242574 12.59149 11.18816 1.4033300000000004
1180.0 53.17825 -27.78315 1.0061224613095208 1.4981117524659409 0.44508611612630583 15.56149 15.63966 -0.07817000000000007
1181.0 53.18177 -27.78303 0.6833566962584776 1.1674010804770514 1.408244819630127 14.21849 12.25112 1.967369999999999
1186.0 53.19154 -27.78277 0.9396345259249693 1.4743253875723634 1.6132082045950114 15.0841 14.25994 0.8241599999999991
1190.0 53.17645 -27.78256 0.5035772115743948 0.9709615251679488 1.2906000123699186 15.30565 13.19431 2.11134
1191.0 53.17433 -27.78256 0.9698725863806857 1.3459214227527074 1.7989015283629715 16.558 13.36456 3.193439999999999
1195.0 53.17369 -27.78213 0.6448915384000755 0.963633312955854 1.3065691857882977 16.48448 13.70121 2.7832700000000017
1198.0 53.17071 -27.78205 0.574235163209565 0.9898879411015045 1.3616707358856015 15.17845 14.44326 0.7351899999999993
1200.0 53.18659 -27.78197 0.8426450109353203 1.3914332009868504 0.367714784285065 17.81843 16.12421 1.6942199999999978
1204.0 53.13527 -27.78175 0.5557442275441716 1.069514295419894 1.3246700034925083 14.50284 12.96852 1.534320000000001
1207.0 53.16591 -27.78161 1.1247076788457988 1.3964847471032116 1.5412795152085386 13.94583 14.02276 -0.07692999999999905
1210.0 53.13404 -27.78104 0.5127643771703392 0.9288329288129514 1.2792539332988975 14.85061 13.80026 1.05035
1212.0 53.12835 -27.78086 0.5579740152450602 0.9916080631683497 1.2067595721396531 18.51067 16.94449 1.5661800000000028
1217.0 53.12887 -27.78049 0.7177790467061859 1.213021558290962 1.380309492581913 13.0862 12.99445 0.09174999999999933
1223.0 53.14286 -27.77999 0.9262979471913102 0.3471298298255994 0.47272339691783843 18.79346 16.95091 1.8425499999999992
1224.0 53.14616 -27.77994 0.516024227399204 0.943159552791908 1.24405468674886 15.61999 13.73181 1.8881800000000002
1228.0 53.15454 -27.7798 1.249867020316726 0.24335668271058244 0.19318165005844856 18.59662 16.05799 2.5386300000000013
1232.0 53.18203 -27.77962 0.7294670596009543 0.3340369488227586 0.2750235383749097 17.86061 15.0682 2.792410000000002
1235.0 53.15566 -27.77937 1.2448331111277489 1.6600747447448234 1.9129385963915762 15.55151 12.34816 3.2033500000000004
1236.0 53.14452 -27.77911 0.719848099549293 1.1944569110243493 1.4190777630540288 14.54884 12.53826 2.010580000000001
1237.0 53.1964 -27.77906 0.8287232865813569 1.5140928849291155 1.706091694269299 14.45387 14.02139 0.43248
1243.0 53.14923 -27.77886 1.207403399477376 1.0171292151361893 1.6221113394255486 17.21948 14.01682 3.2026600000000016
1244.0 53.19973 -27.77875 0.7179627181965258 0.952571610892403 1.3840523999428047 17.3292 15.34318 1.98602
1245.0 53.14485 -27.77867 0.6244648390272185 1.0933190400264965 1.2738474278572136 18.72281 16.47206 2.25075
1247.0 53.14709 -27.77851 1.0431013024941433 1.2777216222988852 0.2854641029772688 16.4835 16.44253 0.04096999999999795
1252.0 53.14526 -27.77799 0.7865364747543452 1.2947783840204474 1.4671108478736796 12.58552 12.83959 -0.2540699999999987
1253.0 53.173 -27.77795 1.1467671358984228 1.253424881725176 1.0224864023187517 16.90761 16.67296 0.23464999999999847
1255.0 53.14892 -27.77758 0.510782392067022 0.9150828313126738 1.2954968984034123 16.24108 13.3361 2.90498
1256.0 53.18138 -27.77757 0.8616612179068103 1.1140627848651448 1.5944126286438078 15.4541 13.27062 2.183480000000001
1260.0 53.14854 -27.77738 0.5093926670683041 0.9215928272063376 1.3105201866168903 19.52834 17.18325 2.345089999999999
1262.0 53.14779 -27.77702 0.5966041919299755 1.0712492659287018 1.4531373662907565 15.52455 15.41765 0.10689999999999955
1268.0 53.16017 -27.77641 0.8539608667465315 1.1019566255179285 1.3811764069541494 18.0111 16.27674 1.7343599999999988
1270.0 53.16061 -27.77627 0.8892224538950144 1.1072218171715964 1.3844336326898272 14.69335 12.25692 2.4364300000000014
1271.0 53.18106 -27.77625 0.7949884024847663 1.1010764639153185 1.421049557050336 13.50896 12.21025 1.2987099999999998
1274.0 53.19901 -27.77583 0.6104710633877611 1.151822303987474 0.18823693687117368 18.65309 16.97594 1.6771499999999975
1275.0 53.14845 -27.77586 0.8889183982247014 1.379322298603028 1.5946365702759329 15.54993 14.28124 1.2686899999999994
1278.0 53.18592 -27.77567 0.9599396582436457 1.4695064841511245 1.676209553593887 14.40924 12.87154 1.537700000000001
1279.0 53.19311 -27.77563 0.47006207949435447 0.9521375805996192 1.260951954439252 13.9087 13.04476 0.8639399999999995
1283.0 53.1709 -27.77545 0.8320378811700111 1.0630186717020298 1.4430903840853313 15.98181 13.44839 2.5334199999999996
1284.0 53.16082 -27.77544 1.833947703334094 2.0168117111323376 2.1699945096292144 14.36356 13.25991 1.10365
1285.0 53.15277 -27.77535 0.6999249597672955 1.1608722579470292 1.473328585394645 12.97285 12.91898 0.05386999999999986
1287.0 53.16235 -27.77514 1.6573669707935421 1.8158048451440354 1.8175576019835828 13.22946 12.8097 0.41976000000000013
1288.0 53.15938 -27.77511 0.6077474854075128 1.0849197358737628 1.3260633153803705 14.99616 14.73135 0.2648099999999989
1289.0 53.20637 -27.77506 1.3668754846298403 1.7394645675402207 1.8846146595475954 14.52048 13.2066 1.3138799999999993
1290.0 53.13643 -27.77507 0.7386680779596795 1.093581382184904 0.2731464314472355 17.54294 16.64019 0.902750000000001
1292.0 53.15209 -27.7749 1.7558784065996818 2.246937131376908 2.2019318399740597 13.38475 12.65042 0.7343299999999999
1293.0 53.20391 -27.77486 0.6366356208302956 0.47412131471337066 1.1057837441978358 18.57618 16.3122 2.26398
1295.0 53.20726 -27.77471 1.0205514430221458 1.3491283278206017 1.6309755446418532 16.5174 13.98243 2.5349699999999977
1297.0 53.15961 -27.77464 0.5444848265006267 0.8452640123327012 1.1788055870722278 18.9262 17.39492 1.5312800000000024
1298.0 53.14867 -27.77464 0.987028562521251 1.5559461529446552 1.6657785651604142 20.14622 18.56743 1.578789999999998
1299.0 53.15077 -27.77443 1.0406701759223176 1.1339219486631402 1.5621360825588018 16.78268 14.08393 2.6987499999999986
1300.0 53.1491 -27.77439 1.0372597248681548 1.5520208515890428 1.7248139909946227 13.00589 13.19835 -0.19245999999999874
1301.0 53.19724 -27.77427 0.5873465195248534 1.0444988526046814 1.321535962629169 14.48847 12.8013 1.68717
1304.0 53.15847 -27.77405 0.49265092877794936 0.9363603531748753 1.2515011570777193 13.5612 12.57413 0.9870699999999992
1306.0 53.15477 -27.77394 0.694797078247857 1.056934179858221 1.5399011493395738 14.94629 15.55953 -0.6132400000000011
1308.0 53.18334 -27.77386 1.095181417816121 1.4583666556363974 1.4879430685443547 17.22502 15.34913 1.87589
1310.0 53.17609 -27.77378 1.6339274524275953 2.0861977823021483 2.1589911988234114 14.38641 13.5026 0.8838100000000004
1319.0 53.13975 -27.77324 1.281797974754829 1.657178679998668 1.9069482549734733 14.10049 13.91254 0.18795000000000073
1320.0 53.13115 -27.77319 0.5660693529859929 0.9527567593054466 1.3029242367880163 12.54447 11.34781 1.1966599999999996
1326.0 53.15123 -27.77291 0.7943206608555304 0.8828685132959269 1.2806807456804952 17.85124 15.65288 2.198360000000001
1327.0 53.12857 -27.77277 0.6621216711058856 1.0741567207112108 1.4699579888276033 13.6463 13.27708 0.3692200000000003
1329.0 53.1309 -27.77272 0.5349919868158441 0.6238666575719818 0.8026224833501215 17.27871 16.8023 0.47641000000000133
1330.0 53.18783 -27.7727 0.7969160550419867 1.0106783280810874 1.31515778951689 16.74168 15.15901 1.5826699999999985
1333.0 53.19674 -27.77241 0.9181172152005795 1.194370393928329 1.4430350125517792 16.06619 14.39446 1.6717299999999984
1337.0 53.17401 -27.77213 0.7036368685516204 1.0558974492699214 1.3377317825232653 12.5279 11.72533 0.8025700000000011
1338.0 53.17132 -27.77177 0.5308122297020395 0.996869666835018 1.2614457069946852 16.32357 14.32799 1.9955800000000004
1344.0 53.15449 -27.7715 0.9587795178120211 1.0019082461469548 1.4846390107630831 16.51351 14.47608 2.0374300000000005
1345.0 53.14131 -27.77147 1.0000721180709178 1.3265335766224988 1.6513152472178165 16.3664 14.78014 1.5862599999999993
1349.0 53.20223 -27.77126 0.571796065833864 1.1188456684660695 0.8208311622420209 18.86009 16.93269 1.9273999999999987
1352.0 53.1462 -27.7711 1.204022656983969 1.6269120496458451 1.7996242835722362 15.33685 14.49687 0.8399800000000006
1353.0 53.15399 -27.77108 0.4547526033421895 0.8672436373955292 0.8338380002314293 16.84964 16.54691 0.3027300000000004
1358.0 53.20106 -27.77059 0.7955144361271606 1.1918738461743366 0.25310019715605464 17.12468 15.67401 1.4506700000000006
1359.0 53.15876 -27.77059 1.303958366698529 1.5782701863537627 1.8491538169021606 14.00019 13.73251 0.26768000000000036
1361.0 53.17212 -27.77045 0.7163807945848663 1.13323982455026 1.45801014949255 16.72128 15.66622 1.055060000000001
1372.0 53.16559 -27.76989 0.8473251313227425 1.4857670873375144 1.8249899463997536 12.76826 10.86369 1.9045699999999997
1374.0 53.18494 -27.76983 0.91069736540397 1.3573519829839908 1.5979747002726465 16.11272 13.95713 2.15559
1378.0 53.15527 -27.7696 1.649029602016734 1.4580559646277262 1.6542717895870909 14.55866 13.67929 0.8793699999999998
1382.0 53.19021 -27.76921 0.5045865866700264 0.9860093758140952 0.8811155268452907 17.34725 16.94907 0.39818
1383.0 53.1376 -27.76919 0.6360843160796 1.0283081021875082 1.290346185392003 13.90804 12.97957 0.928469999999999
1385.0 53.22121 -27.76891 0.5341844024321805 0.25641655567278726 0.4626352582662903 18.62911 17.41779 1.2113200000000006
1387.0 53.1379 -27.76892 0.6349059464225193 1.0256276388504317 1.3213181754784111 20.79721 16.6391 4.158110000000001
1391.0 53.16633 -27.76867 1.0792291052044822 1.6781764277648572 1.791735276452405 14.00487 13.16991 0.8349600000000006
1392.0 53.22769 -27.76843 0.9104596288035852 1.3992239666888955 1.6016785051071345 14.14676 11.9863 2.1604600000000005
1396.0 53.18458 -27.76833 0.5910614267534781 0.8359495603269835 1.3518858451722267 17.28305 14.35599 2.927059999999999
1398.0 53.19553 -27.76808 0.65667102641209 0.9374867480081822 1.1426852249196366 17.29522 15.90696 1.3882600000000007
1400.0 53.15947 -27.76786 0.6669791766458755 1.1428852171712232 0.2942777724173905 15.03202 15.52856 -0.4965400000000013
1406.0 53.13942 -27.76743 1.2558908632293049 1.743727888045601 1.6889656742153252 15.08319 14.33858 0.7446099999999998
1409.0 53.1432 -27.76735 1.1094300589084507 0.4915340142261316 0.2589825359471682 18.87448 17.13686 1.7376199999999997
1413.0 53.14105 -27.76681 0.6557161841856035 0.9820566969960239 0.594464333216278 16.57066 16.34072 0.22993999999999915
1414.0 53.15139 -27.76676 0.5709352162106363 1.0359327766544526 1.3575189636619804 12.96482 12.63317 0.3316499999999998
1418.0 53.15543 -27.76615 0.8559441212619806 1.3557766329187155 1.6014827048371734 14.04941 14.20189 -0.15248000000000062
1421.0 53.18981 -27.76578 1.6587377398753642 1.6736462741705171 1.6657275485934886 19.5853 18.14728 1.4380200000000016
1422.0 53.18121 -27.76577 1.405776309468122 2.0211562406107118 2.120595834028668 13.11521 12.64949 0.46571999999999925
1425.0 53.19461 -27.76561 1.1277644345055424 1.527221101951104 1.7218285788679024 13.47048 13.82658 -0.35609999999999964
1428.0 53.17224 -27.76519 1.616844755908785 1.5175447506054214 2.0785557833322374 16.052 14.83883 1.2131699999999999
1431.0 53.16496 -27.76519 0.9379768915845886 0.30122169332285403 0.15415904014669266 18.66641 18.95693 -0.2905200000000008
1433.0 53.20287 -27.76506 0.7522057321697679 1.3474639241256772 1.5584241605554345 15.63949 14.74157 0.8979200000000009
1440.0 53.17708 -27.76445 0.6092582627925962 0.8001823447000108 0.8680302891705758 18.03194 17.23493 0.7970100000000002
1450.0 53.21698 -27.76348 1.2600000793940467 1.6302880237239845 1.869654031524522 13.47735 11.40467 2.07268
1451.0 53.13974 -27.76327 0.6180344587454737 0.6374210597929264 0.44468752063054456 17.25566 14.60978 2.6458799999999982
1463.0 53.15155 -27.7621 0.8460674165553485 1.429113328060193 1.5483125403412275 12.62838 11.8194 0.80898
1467.0 53.218 -27.76167 0.6480894459654567 1.025507974731843 1.2988146305601331 11.94431 10.8609 1.0834099999999989
1468.0 53.18793 -27.76162 1.6735301944580332 1.5177245472525092 1.9043677697583161 15.6337 14.82224 0.8114599999999985
1470.0 53.17046 -27.76145 1.2340964932544305 1.3634982114910585 1.489285738475399 15.75245 14.99768 0.7547699999999988
1476.0 53.20933 -27.76088 1.7399077635118894 1.9765494932377894 2.227675541964883 15.04284 14.08124 0.9616000000000007
1478.0 53.17226 -27.7607 1.0432001246178664 1.3756265511712895 1.5741576727660032 13.55331 11.5156 2.0377100000000006
1480.0 53.19691 -27.76053 0.5056167859132816 0.9656770903623367 0.30305384705612065 17.06978 16.67354 0.39624000000000237
1481.0 53.20363 -27.76049 0.7386006636835051 1.4763182782278008 0.7446010872121627 18.16187 15.84027 2.3216
1483.0 53.20624 -27.76027 0.8374964342403168 1.3506723459366703 1.5246553037025117 16.20636 14.17582 2.0305400000000002
1491.0 53.20624 -27.75957 0.741436633111236 1.1253341425001961 1.3467223617624873 16.83296 14.78892 2.0440400000000007
1494.0 53.17371 -27.75954 0.7497299440435654 1.0515856772247856 1.3014510783915632 16.29833 14.58597 1.7123600000000003
1496.0 53.19211 -27.75933 0.6976926385410533 1.1460142596337601 1.3055232576910956 15.61167 15.79661 -0.18493999999999922
1499.0 53.17295 -27.7591 1.8775990507828773 2.0471286690429706 2.1670984957349075 13.74507 12.98782 0.7572500000000009
1500.0 53.1636 -27.75901 1.325316076759615 1.884313551915332 2.1206333904451165 12.5478 12.67692 -0.12912000000000035
1502.0 53.1898 -27.75895 0.8964970950484 1.1364200118325962 1.4778598030224726 15.38826 13.81071 1.5775500000000005
1504.0 53.19643 -27.75895 0.8003532630811092 1.0425342653420937 0.4944823135219916 17.34886 16.31921 1.0296499999999966
1505.0 53.20352 -27.75883 0.6949513498126976 1.026459641763284 1.319284502687603 14.01191 12.9902 1.0217100000000006
1511.0 53.19667 -27.75794 0.8405785615769553 1.2121363202074886 0.30311537440148384 17.91327 17.6264 0.2868700000000004
1512.0 53.21152 -27.75785 1.3185198833131504 1.662732870804642 1.8549018469342726 13.7907 13.81806 -0.02735999999999983
1517.0 53.15624 -27.75746 0.6126071115248677 1.0880788926659133 0.20668620946748098 17.66815 16.25045 1.4177
1518.0 53.17349 -27.75723 1.1493151792391842 1.28624036662333 1.5501070366248835 17.02627 15.19006 1.8362099999999995
1519.0 53.19657 -27.75707 0.6499203299905197 0.9984999826035215 1.166167996300873 16.9127 15.52889 1.3838100000000004
1526.0 53.20816 -27.75605 0.668962499040573 0.821838528953523 1.2013068465751 17.16642 15.48884 1.677579999999999
1533.0 53.15034 -27.75558 0.7531265105437802 0.9955347570440365 1.2656098853736162 15.88512 14.54791 1.3372100000000007
1534.0 53.18549 -27.75555 0.7438330976678911 1.615496508922737 0.6608710532140183 17.13452 16.09029 1.0442299999999989
1535.0 53.20452 -27.75543 1.119238958015923 1.5203698563277046 1.6662699469255104 14.30944 12.89839 1.4110500000000012
1536.0 53.14619 -27.75544 0.6023004285370858 1.127403985851458 1.356283590517396 16.50603 14.0472 2.458829999999999
1539.0 53.20217 -27.755 0.9734451135374549 1.3893767966379822 1.568707974726563 16.71386 13.90672 2.8071400000000004
1540.0 53.19128 -27.75485 0.9794034365671376 1.313151211191412 0.8773092097580689 16.9552 16.15655 0.7986500000000021
1542.0 53.19412 -27.7546 0.7197407178683839 1.092829361193211 1.3861976616383946 14.83436 14.16395 0.6704100000000004
1549.0 53.14773 -27.75408 0.6108899844492716 0.9137708306775435 0.9606027446248047 17.84923 16.7539 1.095329999999997
1550.0 53.18532 -27.754 0.5949060565446471 0.9629562935181027 1.1888377383502844 16.68934 14.76991 1.919430000000002
1551.0 53.19524 -27.75384 1.1017330140194925 1.5690848036619398 1.8929924363779609 12.31837 12.05926 0.25910999999999973
1552.0 53.15899 -27.7538 0.9076442092369016 1.781337997543065 1.9407869201081924 14.50857 13.67284 0.8357299999999999
1553.0 53.19172 -27.7536 0.5783867242712517 1.052108469671104 1.3828236445155162 14.52754 13.74529 0.7822499999999994
1554.0 53.14736 -27.75358 1.2924768821983186 1.6662424897562091 1.9174171510865536 14.53537 12.43441 2.1009600000000006
1560.0 53.19177 -27.75277 0.9041640990021425 1.219518214070169 1.421993507713049 14.75902 14.98106 -0.2220399999999998
1561.0 53.18409 -27.75271 0.6209942907510834 0.9969420508244835 1.3370881622048996 15.1152 15.3221 -0.20690000000000097
1563.0 53.15792 -27.75231 0.6738957860944662 1.1127696398302196 1.2476575294637193 16.21757 16.12146 0.09610999999999947
1565.0 53.165 -27.75198 0.875661289472076 0.24838307618064467 1.8010575264728466 18.15919 15.49821 2.6609799999999986
1566.0 53.15727 -27.7516 0.8119772838232175 1.1845614002449787 1.4535430516129324 13.39477 13.27603 0.11873999999999896
1567.0 53.20237 -27.75136 0.9095476203424301 1.286711353344382 1.5369310980547464 12.64858 12.79277 -0.14419000000000004
1569.0 53.17077 -27.75122 0.8006109635041647 1.1358702790130715 1.3925310964977902 13.8646 13.44776 0.41683999999999877
1570.0 53.18317 -27.75106 0.908178252067622 1.324623069409895 1.5621762123649043 15.29374 14.06776 1.2259799999999998
1572.0 53.15657 -27.75084 0.796820430692013 1.1923402525691942 1.4337862202620226 16.39564 14.43199 1.9636499999999995
1576.0 53.15348 -27.75028 0.577733432707989 0.8788181213928394 0.30833426810931747 19.92076 16.46935 3.4514100000000028
1577.0 53.16083 -27.75008 0.7860549315559242 1.2396624204023843 1.5623405088046647 14.42144 14.23305 0.18839000000000006
1580.0 53.17542 -27.74962 1.0015938675392213 1.616952124831775 1.9596584081794124 14.02792 14.09306 -0.06513999999999953
1581.0 53.17252 -27.74943 0.6228170485770448 1.0420284624307805 1.2997533871001812 12.69188 12.5551 0.1367799999999999
1587.0 53.15943 -27.74872 0.7107556415977082 1.3803462763854082 0.2042050524469425 16.30261 15.88554 0.4170700000000007
1590.0 53.16835 -27.74858 0.7283047705310237 1.2712428430344855 1.4609131383924194 16.25169 13.56787 2.6838200000000008
1591.0 53.17921 -27.74862 0.5439996146125249 0.546880162048373 0.2713947971835345 18.61936 16.36851 2.25085
1595.0 53.18391 -27.7483 0.929105902358701 1.3069076183265873 1.5531451264569622 16.56249 15.39279 1.1697000000000006
1596.0 53.19706 -27.7482 0.5846102280498952 1.0055074341945287 0.47832802110223765 16.57138 16.28578 0.2856000000000023
1600.0 53.17321 -27.74808 0.5315043742785088 1.1338464487070474 1.211478731192552 16.8063 15.67465 1.1316500000000005
1604.0 53.17076 -27.74735 0.7916630898854029 1.2808586415510985 1.5317677828829326 15.67026 13.58804 2.0822200000000013
1606.0 53.16163 -27.74701 0.7081450775793278 0.9959322571122007 1.3394510391996457 12.57223 11.43666 1.1355699999999995
1608.0 53.16228 -27.74621 1.9476498675194172 1.7214661981171504 2.0190446862424647 14.95618 14.62078 0.3353999999999999
1609.0 53.16209 -27.74598 1.7865675286699878 1.6623301167793885 2.0513552399877115 18.03053 16.68697 1.34356
1614.0 53.17287 -27.74456 1.3446587974167603 2.212694452341835 2.3963777810816773 13.1217 12.3374 0.7843
1615.0 53.1645 -27.74444 0.5491197040099579 0.9577945415965358 1.2934654487908634 16.11057 14.40297 1.7075999999999993
1622.0 53.17217 -27.74345 0.5876302393690396 0.9812197209173733 1.2656739791873768 15.07167 13.95597 1.1156999999999986
1634.0 53.16228 -27.7407 0.9189377727234451 1.370028913201675 1.7271040313348447 16.84983 15.80933 1.0405000000000015
1640.0 53.17526 -27.73932 1.009859418973576 1.4957605261143718 1.6781120627006243 13.53923 13.43449 0.10473999999999961
1642.0 53.17184 -27.7391 0.6342949063167274 1.5046440163148975 1.4038957580166411 17.39175 15.15203 2.2397199999999984
1645.0 53.16685 -27.7386 0.73473173872459 0.9833231034453306 1.3033020681296394 13.15858 12.10423 1.0543500000000012
1657.0 53.17133 -27.73304 0.6220524780092196 0.8136148291594664 1.304540039538466 17.19127 14.2228 2.96847
1659.0 53.12609 -27.88511 1.0787275006280685 1.4657744810857978 1.5226507191475767 15.21129 13.66688 1.5444099999999992
1660.0 53.12569 -27.88507 1.067935007069914 1.349924171522712 1.503458895268369 13.01461 11.08964 1.92497
1661.0 53.11314 -27.8795 1.495313571460494 1.5982871498832465 0.2675139544238729 16.95029 15.19563 1.7546599999999994
1662.0 53.11301 -27.8793 1.5290336043300392 1.5182438665486686 0.26751395442387293 16.39138 14.57315 1.8182300000000016
1663.0 53.11285 -27.87923 1.5772677843063212 1.498673348558973 0.26751395442387577 18.85875 16.12979 2.7289600000000007
1668.0 53.10915 -27.86987 1.1592733213126036 1.9278293683264487 1.909069502403758 17.83033 15.64122 2.1891099999999994
1669.0 53.10906 -27.86967 1.1633602933844256 2.238508972484951 1.8399644914300157 18.50331 15.54554 2.9577699999999982
1670.0 53.13534 -27.86639 0.867222011726939 1.4524994955227666 1.6382730501768008 16.21177 15.22299 0.988780000000002
1671.0 53.13552 -27.86627 0.8672207656733256 1.4553820234716897 1.637263670167385 16.17467 15.19171 0.9829599999999985
1674.0 53.1061 -27.86525 2.032793426262505 2.587104022839112 2.706340518644878 12.70502 11.50611 1.1989099999999997
1675.0 53.10656 -27.86488 1.6042355340362169 2.6876993524146156 2.7330381336302008 16.94066 15.64947 1.2911900000000003
1678.0 53.10737 -27.86224 2.136455469716277 2.330170113177989 2.473702013293962 15.66682 14.56242 1.1044
1679.0 53.10697 -27.86235 2.324696559375032 2.449884723360279 2.2335497137923377 18.33236 17.77342 0.5589399999999998
1683.0 53.09164 -27.85341 0.6569566432440067 1.0218929060205808 1.403480781030374 14.71292 11.84313 2.86979
1684.0 53.09198 -27.85341 0.6555819813878525 1.0238868295472763 1.4039943990540071 18.14867 15.27971 2.8689599999999995
1686.0 53.09646 -27.8493 0.8813480251802908 1.198981399019777 1.5264011442532601 19.72183 18.00549 1.7163399999999989
1687.0 53.09631 -27.84908 0.8814795958117011 1.1934195327289887 1.545125628684132 16.53487 14.44041 2.0944600000000015
1688.0 53.12285 -27.84837 0.8879360785378889 1.2059030589940238 2.088659835860692 17.40997 14.58377 2.826200000000002
1692.0 53.11605 -27.84417 1.3867551914028782 1.120860277851556 0.7846273930780022 18.14366 16.67026 1.4734000000000016
1693.0 53.11597 -27.84407 1.231535954690039 1.0215046447933216 1.6955980509204642 17.50159 15.73747 1.7641200000000001
1695.0 53.12719 -27.84276 1.006707863396993 1.2462283854051688 1.8524950622151009 17.87445 15.57257 2.301879999999999
1696.0 53.13751 -27.84176 1.452386929640404 1.7947366937030387 1.9555942567431681 12.0062 10.6788 1.327399999999999
1697.0 53.13787 -27.84171 1.433855657889343 1.7987095005784552 1.9641622037612227 16.76077 14.77095 1.9898200000000017
1698.0 53.11609 -27.84159 1.2692059409056387 1.5225032440888897 1.8324270337688946 15.91184 13.00487 2.9069699999999994
1701.0 53.14521 -27.84045 0.8826282521420914 1.5949975233048512 1.9759071239282848 14.63048 14.1957 0.43477999999999994
1702.0 53.14498 -27.84027 0.8837613479672687 1.6081009900549035 2.012221267335795 13.33486 13.03363 0.30123000000000033
1704.0 53.08737 -27.84001 1.0609033293473058 1.197977301084484 1.3721513586415912 19.82633 18.21856 1.6077699999999986
1709.0 53.1362 -27.83651 1.386955755615112 2.145256133948482 2.3000116205529038 13.54567 12.30829 1.23738
1710.0 53.15223 -27.83519 1.6486834106115873 1.8779175650847384 2.1401309011759624 13.78323 12.60508 1.1781500000000005
1711.0 53.15723 -27.83349 0.9979518510239456 1.4200432020954492 1.6311410769993466 13.0883 11.1475 1.9407999999999994
1712.0 53.14622 -27.83297 0.6739776180215762 1.1353171655158836 1.447307360403964 14.31412 14.2625 0.051620000000001554
1713.0 53.146 -27.83274 0.6739747047410656 1.1315240493217422 1.4537277734515222 17.26699 15.96515 1.3018400000000003
1720.0 53.09393 -27.82579 0.6487163993478423 1.0287379348278798 1.3772985820721493 15.16927 13.41385 1.755419999999999
1721.0 53.09415 -27.8256 0.6487162907523255 1.0269691679377948 1.349307818865479 20.91946 16.50228 4.417180000000002
1727.0 53.14218 -27.82034 1.5156424808884936 1.1300861221479217 2.2411190960594958 18.505 15.22069 3.2843099999999996
1728.0 53.1421 -27.81998 1.4113670456177727 1.2848633992945995 1.9742474774414132 16.77048 13.46794 3.3025399999999987
1729.0 53.10457 -27.81468 0.6652913479989266 1.1809583415977778 1.4810378654323728 14.54051 13.28282 1.2576900000000002
1730.0 53.10276 -27.81483 1.0587455431760737 1.9696300009527674 2.181906142785248 17.12647 15.20886 1.9176100000000016
1731.0 53.10258 -27.81439 1.6690338392507569 2.0960066910363344 2.2734020427797703 12.85694 11.47816 1.378779999999999
1734.0 53.15648 -27.81084 1.7960680135478257 2.2489893934578777 2.486092354192879 13.15035 11.92925 1.2210999999999999
1736.0 53.13379 -27.80798 0.5586114586739424 1.233732444592513 1.1736040120984497 18.39172 16.0695 2.322219999999998
1742.0 53.16141 -27.80293 1.0580564811733368 1.3472449120154717 1.5294816642047426 16.75613 15.60735 1.1487799999999986
1743.0 53.16166 -27.80287 1.049180093575183 1.3492260401259213 1.5736431289016732 18.55471 16.54786 2.00685
1746.0 53.18033 -27.79947 1.74074776934652 2.3419091445303937 1.9510493493411796 16.56832 14.76608 1.8022399999999994
1747.0 53.18026 -27.799 1.267164525148377 2.282035541257943 2.328220732700124 12.91514 11.66472 1.2504199999999983
1748.0 53.14864 -27.79702 1.4021905429144208 2.212582716220491 0.8511617344183022 18.45361 16.68917 1.7644400000000005
1752.0 53.16197 -27.79261 0.6245019765957553 1.0431767786249735 1.3147275626342394 16.2828 14.58713 1.6956700000000016
1753.0 53.16159 -27.79233 0.638330193196181 1.0443940057319616 1.3108707634043562 11.90529 10.44224 1.4630500000000008
1754.0 53.16949 -27.79201 0.7025874987319288 1.0210148288825547 1.3511293528104669 15.85122 14.97424 0.8769799999999996
1755.0 53.13766 -27.79204 2.0383534703356 2.4349262092043005 2.5361380049672047 14.32044 14.11552 0.20491999999999955
1756.0 53.15403 -27.79089 0.9430283208927284 1.4052452901370462 1.6581218891783491 15.03537 12.18668 2.8486899999999995
1757.0 53.15371 -27.79068 0.9359576228595647 1.393435180508125 1.6870377744694 16.78209 15.11734 1.6647499999999997
1758.0 53.13065 -27.79031 1.3915182320766726 1.7763537503240359 2.0082978544013903 13.00562 11.76977 1.235850000000001
1759.0 53.13107 -27.79038 1.6627814915679002 1.9600679123282685 2.183287798780156 17.09529 15.5039 1.5913899999999988
1760.0 53.18464 -27.79012 0.6423394950817761 1.0872276910948782 1.3389763702800985 17.92688 18.9563 -1.0294199999999982
1761.0 53.18484 -27.79 0.6423394951079715 1.0874832664212637 1.350639767844895 14.40616 14.2029 0.20326000000000022
1762.0 53.1244 -27.78901 0.957101090651994 1.4266323338744666 1.5924278668271836 18.71311 17.88484 0.8282699999999998
1763.0 53.12424 -27.78882 0.9576565265624862 1.4333476805397458 1.5959352664985555 16.00736 14.02586 1.9814999999999987
1769.0 53.17274 -27.78133 1.0726682523253968 1.4354460740662818 1.5904732548797573 17.94596 16.03687 1.909089999999999
1770.0 53.17261 -27.78103 1.1033855008658089 1.4608388791504838 1.5909046498317783 13.86938 12.5625 1.3068799999999996
1771.0 53.17455 -27.78098 0.9773596449150079 1.194052288245272 1.1439378920917929 17.02731 15.74714 1.28017
1772.0 53.17912 -27.78062 0.6954063284783729 1.0967751607355611 1.463530513400676 12.03118 12.34288 -0.3116999999999983
1773.0 53.1793 -27.78033 0.6949267799259875 1.0947183795691557 1.4799044998641167 14.83776 14.83585 0.001909999999998746
1775.0 53.12849 -27.78024 0.7183298773267521 1.226727965662231 1.3787549135458426 15.11636 14.8251 0.2912599999999994
1781.0 53.18338 -27.77621 0.36980461575661633 0.745920054290113 1.1322020643096162 17.98953 16.57162 1.4179099999999991
1785.0 53.20031 -27.77618 0.8671543582685806 1.3232161589627591 1.552712313100146 18.53689 16.81708 1.719809999999999
1786.0 53.20021 -27.77596 0.8717496395155759 1.347812837597266 1.5571672856035317 14.47445 13.64896 0.8254899999999985
1787.0 53.15196 -27.77554 1.2041420166213554 1.7486758212653115 2.1526804334135963 12.8133 13.28007 -0.46677000000000035
1788.0 53.1517 -27.77545 1.1511487337058437 1.7240909419640742 2.064702542439145 14.35546 14.4866 -0.13113999999999848
1790.0 53.15189 -27.77455 1.5767889309310457 2.6423139191097875 2.777109262301348 15.66864 14.96616 0.7024799999999995
1793.0 53.19999 -27.77414 0.508619776216231 0.9481929243560485 1.2786216965229122 13.50236 12.11989 1.3824699999999996
1800.0 53.17803 -27.76882 1.2889136447678986 1.6526915181852413 1.880826504344764 17.76987 16.147 1.6228700000000025
1801.0 53.1784 -27.7683 1.5875827542891454 2.2043335935031863 2.3728188842436566 12.27822 11.02284 1.2553799999999988
1802.0 53.1425 -27.76503 1.4248967466714928 2.0613065788613874 2.156795803280629 13.83078 13.47654 0.3542400000000008
1804.0 53.15972 -27.76237 1.3251988645169346 1.754914840287116 0.800210935565755 16.44482 15.58794 0.8568800000000003
1805.0 53.19251 -27.75814 1.9589909416932194 2.1388288724916658 2.0984280240122724 17.3461 16.29566 1.0504399999999983
1806.0 53.17134 -27.75751 2.2810324537120548 1.9581505489523148 2.3506639557134728 15.49593 14.2915 1.2044300000000003
1808.0 53.20463 -27.7568 2.1335242213425762 2.6311456077879254 3.1511711156197024 13.04288 13.21015 -0.16727000000000025
1809.0 53.1863 -27.75308 0.58379855173713 1.1128112921696467 0.3626467173732307 20.3733 17.8038 2.5695000000000014
1810.0 53.18606 -27.753 0.5837985964499641 1.1100953897906933 0.3626467170196044 17.41871 17.16011 0.2586000000000013
1821.0 53.13105 -27.88142 0.6128412666679076 0.9363216718604369 1.5591412147544124 20.33209 16.58185 3.7502400000000016
1823.0 53.13064 -27.87936 0.5074155723083132 0.21843093108358888 0.259089518072757 19.0376 17.02961 2.0079899999999995
1864.0 53.12741 -27.87099 0.5276212904703073 0.620883331742477 0.903133490960747 18.53805 16.44372 2.0943299999999994
1880.0 53.10437 -27.8689 0.6179837146222276 1.1457112789742379 1.3266700038008767 18.7478 16.05707 2.690730000000002
1885.0 53.10887 -27.86863 0.7740832896625995 1.0347895261507367 0.9393291748298235 21.95864 18.44264 3.5159999999999982
1903.0 53.12965 -27.86631 0.4671469440732859 0.18604725069429015 0.26785704059533816 20.11786 17.32505 2.7928099999999993
1910.0 53.11625 -27.86517 0.6128104079382712 0.8962360721738276 1.2668389203509551 18.77383 17.01405 1.7597799999999992
1912.0 53.12129 -27.86472 0.49689251175958743 0.9366672721241823 1.284131392653505 20.01924 16.73661 3.282630000000001
1914.0 53.11655 -27.86432 0.876568720319575 1.7948988710026328 0.23766386431836875 19.11471 17.29079 1.8239199999999975
1933.0 53.1273 -27.86139 0.7486279979138707 1.1468313358669455 1.5207808650740358 19.34982 19.72594 -0.37612000000000023
1936.0 53.10189 -27.8612 0.47942239907407236 0.8543038877012264 1.0094990887354676 19.55532 16.97587 2.579449999999998
1937.0 53.1022 -27.86094 0.6470038152166563 1.1272864205585362 1.2948704256700496 17.35419 15.79596 1.55823
1939.0 53.11713 -27.86047 0.6408395456530355 0.8421953238211958 1.0722937725411834 21.95046 17.40664 4.54382
1940.0 53.13703 -27.8603 0.5053554278872044 0.9405244634012233 0.27579808799164346 18.08774 16.7116 1.3761399999999995
1941.0 53.13088 -27.86003 0.5330207082273344 1.0333525656666793 1.3555766456043277 19.04056 17.36268 1.6778799999999983
1946.0 53.07866 -27.85944 0.6379348245707752 0.5578057649953512 0.8433279202604177 20.11302 16.84715 3.2658699999999996
1957.0 53.07844 -27.85785 0.7364066070191503 1.2532294325812192 1.685237928007418 19.27947 17.66691 1.6125599999999984
1972.0 53.08276 -27.85624 1.015204568772454 0.6454868621055823 1.493454291421956 19.28449 19.12808 0.15641000000000105
1980.0 53.11397 -27.85503 0.5920913299835279 0.6613592693339527 0.20873323438431815 19.25892 17.95713 1.3017900000000004
1984.0 53.11793 -27.85479 0.5747711498763959 0.9919997166902755 1.3425972030023174 18.3398 16.81355 1.526250000000001
2020.0 53.12419 -27.8513 0.5956170842113013 0.9410941538547153 1.2412636487389461 18.8566 17.52812 1.328479999999999
2045.0 53.11112 -27.8482 0.6128852802147812 0.9800155279108909 1.2307485813042498 16.22357 14.35671 1.866859999999999
2061.0 53.10146 -27.84651 1.1488043022459022 0.5149359175232789 0.8811169902776066 19.90956 18.67416 1.2353999999999985
2062.0 53.09621 -27.84648 1.0605913323581535 1.123828710333265 1.669602041443937 18.6655 15.98901 2.676490000000001
2127.0 53.12444 -27.84237 0.5726852100815207 1.029164089613797 1.3696379400538299 17.68551 16.26988 1.4156300000000002
2129.0 53.12443 -27.84226 0.5713142736719766 1.0305084142771381 1.351082911174385 19.76688 16.68856 3.0783200000000015
2137.0 53.14216 -27.84174 1.2249711191603414 1.5998647777996815 1.8333032757548327 18.6835 15.94808 2.7354199999999995
2147.0 53.16781 -27.84093 1.0236693389894966 1.3973650264151587 1.451129682126852 19.70169 17.25369 2.4480000000000004
2170.0 53.14418 -27.83923 0.6411133932322229 0.6820399172206246 0.9281896620442088 19.86972 18.2579 1.6118200000000016
2173.0 53.13235 -27.83884 0.8499416523192778 1.1232056816255054 1.341414060899722 19.47204 18.82784 0.6442000000000014
2195.0 53.13546 -27.83661 1.2090578708478508 1.161244409576193 1.4366940792323761 19.54378 17.08299 2.460790000000003
2221.0 53.14355 -27.8334 0.5029315044340782 0.19122709890761716 0.2811680976746967 19.24505 17.12704 2.118009999999998
2255.0 53.13316 -27.83021 0.5225150563001298 0.7224491391091534 1.127704266276279 19.46399 17.00241 2.461579999999998
2266.0 53.16441 -27.82868 0.47303660580119467 0.15513945233063117 0.7396628229792218 18.15018 16.4278 1.7223799999999976
2272.0 53.12763 -27.82802 0.6609278832274003 0.764714159629891 1.121739548977496 18.05541 16.34055 1.714859999999998
2273.0 53.14382 -27.82787 0.6613503759317081 0.9948428822523864 1.2472006253799008 19.56841 17.61185 1.9565599999999996
2284.0 53.13906 -27.82694 0.7873228493736376 0.5505236384383637 0.31334661070449243 18.76619 17.4703 1.29589
2299.0 53.14098 -27.82594 1.6649564854402945 2.1471234933502563 1.9044038350421166 19.63007 17.00914 2.6209300000000013
2323.0 53.15056 -27.8235 0.5949470561334664 1.0200046588862342 1.3065738422117 20.14548 16.83256 3.3129199999999983
2332.0 53.14933 -27.8225 0.5008743366256571 0.24459961327399693 0.21932939132646495 19.33305 17.23967 2.09338
2357.0 53.15149 -27.81945 0.5671808815233567 0.38337699722761326 0.23483448756436656 20.43708 18.16363 2.2734500000000004
2360.0 53.16197 -27.81911 1.0256236539174022 1.4982368985594379 1.7773459518716328 18.4896 18.22127 0.26832999999999885
2366.0 53.12014 -27.81836 1.339213472693547 1.5260240814028967 1.7899064702055014 18.60666 20.48994 -1.8832799999999992
2419.0 53.15316 -27.81213 0.8883857651359468 0.4960289159983731 0.3729807449745923 18.88945 17.03461 1.8548399999999994
2422.0 53.1089 -27.81184 1.9859664062254174 0.89591006498798 0.31142712490237334 18.73717 17.14004 1.59713
2447.0 53.1455 -27.81013 0.7280318161370093 1.0935062043436898 1.4018610686773194 20.16702 18.94407 1.2229500000000009
2449.0 53.15526 -27.80985 0.8963504456609055 1.342424419681407 1.6356990468097283 20.03324 17.15359 2.879649999999998
2452.0 53.13514 -27.80978 0.4861549014244516 1.0291700006828397 1.1121297342055265 17.5734 15.71703 1.85637
2471.0 53.11913 -27.80764 0.7497823731526084 1.099062200565396 1.4527079424692066 19.64327 16.01343 3.6298400000000015
2494.0 53.12158 -27.80603 0.665803361499172 0.7009614858961551 0.3856244480489981 18.86314 17.06648 1.7966600000000028
2521.0 53.12489 -27.80384 0.46190869659653 0.22964891012912228 0.20770572862490203 21.96811 17.20465 4.7634599999999985
2522.0 53.14257 -27.80378 0.5052928580262893 0.8893301286698105 0.6985314000845971 17.66743 16.24058 1.4268499999999982
2539.0 53.19544 -27.8019 0.4704960880031495 0.14607397304161124 0.22825319041841732 18.8276 17.07977 1.7478300000000004
2638.0 53.17585 -27.79366 0.47590598045768734 0.23721285119629473 0.23851795098127218 19.38104 17.79936 1.5816799999999986
2653.0 53.16131 -27.79197 0.6265468755622088 1.0434222186792093 1.3083273771652308 19.87984 15.34882 4.531020000000002
2663.0 53.1844 -27.79132 1.24007400161701 1.4089421945347131 1.5064565234607088 19.39742 15.73319 3.66423
2668.0 53.18456 -27.79048 0.5993463894038478 0.7252535454284742 0.9333133037768738 18.9117 16.88967 2.022030000000001
2677.0 53.14204 -27.78996 0.5685666674969856 0.3244458875573021 0.26806565015477124 18.6147 18.6292 -0.014500000000001734
2693.0 53.16121 -27.78793 0.8202332364954048 1.3251141569742675 1.4924633812168377 19.39713 18.9805 0.4166300000000014
2704.0 53.16138 -27.7872 1.0034182922233248 1.4326465008526763 1.7521008748576747 19.83305 16.2753 3.5577499999999986
2709.0 53.12826 -27.78685 1.1538007200872826 0.1861511574199923 0.29118166477869833 18.58793 16.92022 1.6677099999999996
2717.0 53.18673 -27.78635 0.5163005136600884 0.24064073827084534 0.3400840753039916 19.66153 16.52741 3.1341199999999994
2758.0 53.18148 -27.78342 0.743792869824562 1.1962774885761516 1.4212420150750553 18.85525 17.2385 1.6167500000000032
2776.0 53.15152 -27.78143 0.6625972454153184 0.7241716403597591 0.6198750877642348 18.12385 15.59513 2.5287200000000016
2841.0 53.14803 -27.77477 0.7185288109651644 1.214535884460332 1.2791513848739402 19.00014 20.4416 -1.4414600000000029
2893.0 53.20217 -27.7704 4.151856617184604 0.5444935646417175 0.3407306960659591 18.98582 17.67479 1.3110299999999988
2903.0 53.15352 -27.76954 0.596303113006381 0.1714787142128144 0.31619214791540734 19.40427 17.53005 1.874220000000001
2951.0 53.2141 -27.76376 0.7224286890230092 0.9082299730317667 1.2100526236558413 17.42908 15.77144 1.657639999999999
2972.0 53.20337 -27.76073 0.7398502468522759 1.1566876875325873 0.7338811111501373 20.69858 18.50149 2.1970899999999993
3027.0 53.18377 -27.7524 0.6151733236866174 0.9974396494752856 1.4709477979693903 19.62496 17.48243 2.1425300000000007
